D4,45,Lake,2010,4508313,"SUSHI STORM","13900 COUNTY ROAD 455 #109A",CLERMONT,34711,2287260,1,Food,"Routine - Food","Inspection Completed - No Further Action",9/26/2013,,,7,1,0,6,Y,0,0,0,0,0,1,0,1,0,2,0,0,0,0,0,0,0,0,0,0,0,0,0,0,0,0,0,0,0,0,0,0,0,0,0,1,0,0,0,1,0,0,0,0,0,0,0,0,0,1,0,0,0,0,0,0,0,0,5306706,4960173
D4,45,Lake,2010,4508334,"PIZZA HUT","8425 US HWY 441 #102",LEESBURG,34788,2359551,1,Food,"Routine - Food","Inspection Completed - No Further Action",9/26/2013,,,2,0,0,2,Y,0,0,0,0,0,0,0,0,0,0,0,0,0,0,0,1,0,0,0,0,0,0,0,0,0,0,0,0,0,0,0,0,0,0,0,0,0,0,0,0,0,1,0,0,0,0,0,0,0,0,0,0,0,0,0,0,0,0,4147699,5063626
D4,45,Lake,2010,4508383,"GOLDEN KRUST CARIBBEAN BAKERY AND GRILL","1020 E HIGHWAY 50",CLERMONT,34711,2346957,1,Food,"Routine - Food","Inspection Completed - No Further Action",9/26/2013,,,10,0,3,7,Y,0,1,0,0,0,0,0,0,0,0,0,0,0,2,0,0,0,0,0,0,0,2,0,1,0,0,0,0,1,0,0,0,0,0,0,0,0,0,0,0,0,1,0,0,0,0,0,0,0,1,0,0,1,0,0,0,0,0,3732929,5046128
D4,45,Lake,2010,4508579,"DUNKIN' DONUTS MAGNOLIA CENTER","17330 HWY 50",CLERMONT,34714,2320634,1,Food,"Routine - Food","Inspection Completed - No Further Action",9/26/2013,,,8,1,1,6,Y,0,0,0,0,0,0,0,0,0,1,0,1,2,1,0,1,0,0,0,0,0,0,0,0,0,0,0,0,0,0,0,0,0,0,0,0,0,0,0,0,1,1,0,0,0,0,0,0,0,0,0,0,0,0,0,0,0,0,5462468,5008263
D4,45,Lake,2010,4508618,"SUBWAY #58594","1320 S 14TH ST",LEESBURG,34748,2263794,1,Food,"Food-Licensing Inspection","Inspection Completed - No Further Action",9/26/2013,,,1,0,1,0,Y,0,0,0,0,0,0,0,0,0,0,0,0,0,0,0,0,0,0,0,0,0,0,0,0,0,0,0,0,0,0,0,0,0,0,0,0,0,0,0,0,0,0,0,0,0,0,0,0,0,0,0,0,1,0,0,0,0,0,5539321,4874633
D4,58,Orange,2010,5800369,"GOFF'S DRIVE IN","212 S ORANGE BLOSSOM TRL",ORLANDO,328052204,2344169,1,Food,"Routine - Food","Inspection Completed - No Further Action",9/26/2013,,,2,0,1,1,Y,0,0,0,0,1,0,0,0,0,0,0,0,0,0,0,0,0,0,0,0,0,0,0,0,0,0,0,0,0,0,0,0,0,0,0,0,0,1,0,0,0,0,0,0,0,0,0,0,0,0,0,0,0,0,0,0,0,0,2208074,5042102
D4,58,Orange,2010,5800827,TRADERS,"2000 HOTEL PLAZA BLVD","LAKE BUENA VISTA",32830,2312709,1,Food,"Routine - Food","Inspection Completed - No Further Action",9/26/2013,,,33,5,7,21,Y,1,3,3,0,0,0,0,1,0,2,0,0,0,0,0,1,0,0,0,0,1,2,2,3,3,0,0,0,1,0,2,0,0,0,1,6,0,0,0,0,0,0,0,0,0,0,0,0,0,0,0,0,1,0,0,0,0,0,2208325,4997333
D4,58,Orange,2010,5801778,"PIONEER HALL","3520 N FORT WILDERNESS TRL","LAKE BUENA VISTA",32830,2280851,1,Food,"Routine - Food","Inspection Completed - No Further Action",9/26/2013,,,15,5,2,8,Y,0,2,1,0,0,0,0,3,0,1,0,1,0,1,0,0,0,0,0,0,0,1,1,0,0,0,0,0,1,0,0,0,0,0,0,2,0,0,0,0,1,0,0,0,0,0,0,0,1,0,0,0,0,0,0,0,0,0,2208538,4951121
D4,58,Orange,2010,5804005,"MEADOWS SNACK BAR","3520 N FORT WILDERNESS TRL","LAKE BUENA VISTA",32830,2301769,1,Food,"Routine - Food","Inspection Completed - No Further Action",9/26/2013,,,2,1,0,1,Y,0,0,1,0,0,0,0,0,0,0,0,0,0,0,0,0,0,0,0,0,0,0,0,0,0,0,0,0,0,0,0,0,0,0,0,0,0,0,0,0,1,0,0,0,0,0,0,0,0,0,0,0,0,0,0,0,0,0,2210351,4981701
D4,58,Orange,2010,5804227,"LA QUINTA INN POOL SIDE BAR","8300 JAMAICAN CT",ORLANDO,32819,2356594,1,Food,"Routine - Food","Inspection Completed - No Further Action",9/26/2013,,,2,0,1,1,Y,0,0,0,0,0,0,0,0,0,0,0,0,0,0,0,0,0,0,0,0,0,1,0,0,0,0,0,0,0,0,0,0,0,0,0,0,0,0,0,0,0,0,0,0,0,0,0,0,0,0,1,0,0,0,0,0,0,0,3340211,5059819
D4,58,Orange,2010,5807074,"CHECKERS #6316","13495 W COLONIAL DR","WINTER GARDEN",34787,2325078,1,Food,"Routine - Food","Warning Issued",9/26/2013,,,17,3,4,10,Y,0,0,1,0,1,0,0,2,0,0,0,0,0,1,0,0,0,0,0,0,0,0,3,0,0,0,0,0,1,0,1,1,0,0,0,1,0,1,0,0,1,0,0,0,0,0,0,0,0,0,0,0,3,0,0,0,0,0,3422424,5014993
D4,58,Orange,2010,5807158,"CAMPGROUND CANTINA","400 N BIG PINE RD","BAY LAKE",32830,2280689,1,Food,"Routine - Food","Inspection Completed - No Further Action",9/26/2013,,,2,0,0,2,Y,0,0,0,0,0,0,0,0,0,0,0,0,0,0,0,0,0,0,0,0,0,0,1,0,0,0,0,0,0,0,0,0,0,0,0,1,0,0,0,0,0,0,0,0,0,0,0,0,0,0,0,0,0,0,0,0,0,0,2212660,4950877
D4,58,Orange,2010,5807389,"ORLANDO'S WILD JACK'S","7364 INTERNATIONAL DR",ORLANDO,32819,2370447,1,Food,"Complaint Full","Inspection Completed - No Further Action",9/26/2013,,,16,1,4,11,Y,0,0,0,0,1,0,0,1,0,0,0,0,1,3,0,0,0,0,0,0,0,4,1,0,0,0,0,0,1,0,1,0,0,0,0,1,0,1,0,0,0,0,0,0,0,0,0,0,0,0,1,0,0,0,0,0,0,0,2741386,5131384
D4,58,Orange,2010,5809712,"CHUCK WAGON"," DISNEY'S FT WILDERNE","LAKE BUENA VISTA",32830,2323148,1,Food,"Routine - Food","Inspection Completed - No Further Action",9/26/2013,,,3,0,0,3,Y,0,0,0,0,0,0,0,0,0,0,0,0,0,0,0,0,0,0,0,0,0,0,0,0,0,0,0,0,0,0,0,0,0,0,0,3,0,0,0,0,0,0,0,0,0,0,0,0,0,0,0,0,0,0,0,0,0,0,2214775,5012083
D4,58,Orange,2010,5810247,"BROOKLYN PIZZA #2","7001 INTERNATIONAL DR",ORLANDO,32819,2318161,1,Food,"Routine - Food","Inspection Completed - No Further Action",9/26/2013,,,12,5,2,5,Y,1,2,2,0,0,0,0,2,0,0,0,0,1,1,0,0,0,0,0,0,0,1,0,0,0,0,1,0,0,0,0,0,0,0,0,1,0,0,0,0,0,0,0,0,0,0,0,0,0,0,0,0,0,0,0,0,0,0,4431806,5004825
D4,58,Orange,2013,5811035,"REAL PHILLY","1206 W ROBINSON ST",ORLANDO,32805,1100098,1,Food,"Routine - Food","Inspection Completed - No Further Action",9/26/2013,,,4,0,2,2,Y,0,0,0,0,0,0,0,0,0,0,0,0,0,0,0,0,0,0,0,0,0,0,0,0,0,0,0,0,0,0,2,1,0,0,0,0,0,1,0,0,0,0,0,0,0,0,0,0,0,0,0,0,0,0,0,0,0,0,4219925,5033842
D4,58,Orange,2015,5811322,"FORT WILDERNESS- CAMPGROUND CANTINA","4510 N FT WILDERNESS TRAIL","LAKE BUENA VISTA",32830,1102247,1,Food,"Food-Licensing Inspection","Inspection Completed - No Further Action",9/26/2013,,,0,0,0,0,Y,0,0,0,0,0,0,0,0,0,0,0,0,0,0,0,0,0,0,0,0,0,0,0,0,0,0,0,0,0,0,0,0,0,0,0,0,0,0,0,0,0,0,0,0,0,0,0,0,0,0,0,0,0,0,0,0,0,0,5647753,5102757
D4,58,Orange,2010,5811459,"LA QUINTA INN BREAKFAST BAR","8300 JAMAICAN COURT",ORLANDO,32819,2345559,1,Food,"Routine - Food","Inspection Completed - No Further Action",9/26/2013,,,3,0,0,3,Y,0,0,0,0,0,0,0,0,0,0,0,1,1,0,0,0,0,0,0,0,0,0,0,0,0,0,0,0,0,0,0,1,0,0,0,0,0,0,0,0,0,0,0,0,0,0,0,0,0,0,0,0,0,0,0,0,0,0,3097885,5044187
D4,58,Orange,2010,5812721,"4 RIVERS SMOKEHOUSE","1047 S DILLARD ST","WINTER GARDEN",34787,2370504,1,Food,"Complaint Full","Warning Issued",9/26/2013,,,18,4,4,10,Y,0,1,1,0,0,0,0,2,0,1,0,2,1,1,0,0,0,0,0,0,2,0,0,0,1,0,1,0,1,0,1,1,0,0,0,0,0,0,0,1,0,0,0,0,0,0,0,0,0,0,1,0,0,0,0,0,0,0,4333473,5131508
D4,58,Orange,2010,5813044,"BJ'S RESTAURANT & BREWHOUSE","8761 VINELAND AVE",ORLANDO,32821,2366324,1,Food,"Food-Licensing Inspection","Inspection Completed - No Further Action",9/26/2013,,,0,0,0,0,Y,0,0,0,0,0,0,0,0,0,0,0,0,0,0,0,0,0,0,0,0,0,0,0,0,0,0,0,0,0,0,0,0,0,0,0,0,0,0,0,0,0,0,0,0,0,0,0,0,0,0,0,0,0,0,0,0,0,0,5459842,5095223
D4,58,Orange,2010,5813165,"KINGS LANES LOUNGE AND SPORTS","8255 S INTL DR STE 120",ORLANDO,32819,2331267,1,Food,"Routine - Food","Warning Issued",9/26/2013,,,15,5,5,5,Y,0,0,0,0,0,0,0,2,0,2,0,0,0,1,0,0,0,0,0,0,0,3,1,0,0,0,0,0,0,0,3,0,0,0,0,0,0,0,0,0,2,0,0,0,0,0,0,0,0,0,0,0,1,0,0,0,0,0,5494267,5023420
D4,59,Osceola,2010,5900624,"VINEYARD CAFE","5678 W IRLO BRONSON HWY",KISSIMMEE,34746,2352134,1,Food,"Routine - Food","Inspection Completed - No Further Action",9/26/2013,,,5,0,3,2,Y,0,0,1,0,0,0,0,0,0,0,0,0,0,0,0,0,0,0,0,0,0,2,0,0,0,0,0,0,0,0,0,0,0,0,0,2,0,0,0,0,0,0,0,0,0,0,0,0,0,0,0,0,0,0,0,0,0,0,5384614,5053079
D4,59,Osceola,2010,5900841,"SCHIANO PIZZA","3831 W VINE ST",KISSIMMEE,347414659,2302272,1,Food,"Routine - Food","Inspection Completed - No Further Action",9/26/2013,,,2,0,1,1,Y,0,0,0,0,0,0,0,0,0,0,0,0,0,0,0,0,0,0,0,0,0,1,0,0,1,0,0,0,0,0,0,0,0,0,0,0,0,0,0,0,0,0,0,0,0,0,0,0,0,0,0,0,0,0,0,0,0,0,2217477,4982572
D4,59,Osceola,2010,5900907,"TROPICAL TREASURES POOL BAR","5678 W IRLO BRONSON MEMORIAL HWY",KISSIMMEE,34746,2331063,1,Food,"Routine - Food","Inspection Completed - No Further Action",9/26/2013,,,1,0,1,0,Y,0,0,0,0,0,0,0,0,0,0,0,0,0,0,0,0,0,0,0,0,0,1,0,0,0,0,0,0,0,0,0,0,0,0,0,0,0,0,0,0,0,0,0,0,0,0,0,0,0,0,0,0,0,0,0,0,0,0,5384615,5023142
D4,59,Osceola,2010,5903195,"PEOPLES CHOICE FOOD COURT","5678 W IRLO BRONSON HWY",KISSIMMEE,34746,2331061,1,Food,"Routine - Food","Inspection Completed - No Further Action",9/26/2013,,,5,0,4,1,Y,0,0,0,0,0,0,0,0,0,0,0,0,0,0,0,0,0,0,0,0,0,4,0,0,0,0,0,0,0,0,1,0,0,0,0,0,0,0,0,0,0,0,0,0,0,0,0,0,0,0,0,0,0,0,0,0,0,0,5384610,5023140
D4,59,Osceola,2010,5903817,"PHILLY STEAK & SUB","2009 13TH ST","ST CLOUD",347694205,2354977,1,Food,"Routine - Food","Inspection Completed - No Further Action",9/26/2013,,,1,1,0,0,Y,0,0,0,0,0,0,0,0,0,0,0,0,0,0,0,0,0,0,0,0,0,0,0,0,0,0,0,0,0,0,0,0,0,0,0,0,0,0,0,0,1,0,0,0,0,0,0,0,0,0,0,0,0,0,0,0,0,0,2218538,5057401
D4,59,Osceola,2010,5905020,"CHECKER'S #3070","3554 13TH ST","ST CLOUD",34769,2345185,1,Food,"Routine - Food","Inspection Completed - No Further Action",9/26/2013,,,1,0,0,1,Y,0,0,0,0,0,0,0,0,0,0,0,0,0,0,0,0,0,0,0,0,0,0,0,0,0,0,0,0,0,0,0,1,0,0,0,0,0,0,0,0,0,0,0,0,0,0,0,0,0,0,0,0,0,0,0,0,0,0,2771973,5043592
D4,59,Osceola,2010,5910492,"TAQUERIA TPEYAC INC","701 13 STREET","SAINT CLOUD",34769,2319556,1,Food,"Routine - Food","Inspection Completed - No Further Action",9/26/2013,,,3,0,0,3,Y,0,0,0,0,0,0,0,1,0,0,0,0,0,1,0,0,0,0,0,0,1,0,0,0,0,0,0,0,0,0,0,0,0,0,0,0,0,0,0,0,0,0,0,0,0,0,0,0,0,0,0,0,0,0,0,0,0,0,5277018,5006819
D4,59,Osceola,2010,5910880,"OAK PLANTATION RESORT","4090 ENCHANTED OAK CIR.",KISSIMMEE,34741,2324356,1,Food,"Routine - Food","Inspection Completed - No Further Action",9/26/2013,,,0,0,0,0,Y,0,0,0,0,0,0,0,0,0,0,0,0,0,0,0,0,0,0,0,0,0,0,0,0,0,0,0,0,0,0,0,0,0,0,0,0,0,0,0,0,0,0,0,0,0,0,0,0,0,0,0,0,0,0,0,0,0,0,2851458,5013873
D4,59,Osceola,2010,5910982,"COOKIES AND CREAM","3831 W VINE ST UNIT 54",KISSIMMEE,34741,2342589,1,Food,"Routine - Food","Inspection Completed - No Further Action",9/26/2013,,,5,0,2,3,Y,0,0,0,0,0,0,0,0,0,0,0,0,0,0,0,0,0,0,0,0,1,0,1,0,1,0,1,0,0,0,1,0,0,0,0,0,0,0,0,0,0,0,0,0,0,0,0,0,0,0,0,0,0,0,0,0,0,0,5569577,5039603
D4,59,Osceola,2010,5911046,"SPANISH ROTISSERIE","3831 W VINE ST STE 55",KISSIMMEE,34741,2315837,1,Food,"Routine - Food","Inspection Completed - No Further Action",9/26/2013,,,3,1,0,2,Y,0,0,0,0,0,0,0,1,0,0,0,0,0,1,0,0,0,0,0,0,1,0,0,0,0,0,0,0,0,0,0,0,0,0,0,0,0,0,0,0,0,0,0,0,0,0,0,0,0,0,0,0,0,0,0,0,0,0,3870484,5001725
D4,59,Osceola,2010,5911063,"FUN ZONE EXTREME","3831 W VINE ST STE 80",KISSIMMEE,34741,2309920,1,Food,"Routine - Food","Inspection Completed - No Further Action",9/26/2013,,,3,0,1,2,Y,0,1,0,0,0,0,0,0,0,0,0,0,0,0,0,0,0,0,0,0,0,0,0,1,1,0,0,0,0,0,0,0,0,0,0,0,0,0,0,0,0,0,0,0,0,0,0,0,0,0,0,0,0,0,0,0,0,0,5388141,4993168
D4,66,"St. Lucie",2010,6600039,"FLAMINGO HOMETOWN CAFE","899 NE PRIMA VISTA BLVD","PORT ST LUCIE",34952,2252724,3,Food,"Routine - Food","Call Back - Complied",9/26/2013,,,0,0,0,0,Y,0,0,0,0,0,0,0,0,0,0,0,0,0,0,0,0,0,0,0,0,0,0,0,0,0,0,0,0,0,0,0,0,0,0,0,0,0,0,0,0,0,0,0,0,0,0,0,0,0,0,0,0,0,0,0,0,0,0,5400713,5131868
D4,66,"St. Lucie",2010,6600359,"INDIAN PINES GOLF CLUB","5700 INDIAN PINES BLVD","FT PIERCE",349512302,2302327,2,Food,"Routine - Food","Call Back - Complied",9/26/2013,,,0,0,0,0,Y,0,0,0,0,0,0,0,0,0,0,0,0,0,0,0,0,0,0,0,0,0,0,0,0,0,0,0,0,0,0,0,0,0,0,0,0,0,0,0,0,0,0,0,0,0,0,0,0,0,0,0,0,0,0,0,0,0,0,2246619,5100477
D4,66,"St. Lucie",2014,6650228,"HERBEQUE BBQ CATERING - MOBILE","742 SW BAYSHORE BLVD.","PORT ST LUCIE",34983,1170830,1,Food,"Routine - Food","Inspection Completed - No Further Action",9/26/2013,,,1,0,0,1,Y,0,0,0,0,0,0,0,0,0,0,0,0,0,0,0,0,0,0,0,0,0,0,1,0,0,0,0,0,0,0,0,0,0,0,0,0,0,0,0,0,0,0,0,0,0,0,0,0,0,0,0,0,0,0,0,0,0,0,3857427,5068272
D4,66,"St. Lucie",2014,6650272,"HOUSTON'S FOOD TRUCK","722  S US1","FORT PIERCE",34950,1170818,1,Food,"Routine - Food","Inspection Completed - No Further Action",9/26/2013,,,2,1,1,0,Y,0,0,0,0,1,0,0,0,0,0,0,0,0,1,0,0,0,0,0,0,0,0,0,0,0,0,0,0,0,0,0,0,0,0,0,0,0,0,0,0,0,0,0,0,0,0,0,0,0,0,0,0,0,0,0,0,0,0,5357323,5068177
D4,69,Seminole,2010,6900893,"ALL IN THE FAMILY"," HWY 17-92",LONGWOOD,32750,2302458,3,Food,"Routine - Food","Call Back - Complied",9/26/2013,,,0,0,0,0,Y,0,0,0,0,0,0,0,0,0,0,0,0,0,0,0,0,0,0,0,0,0,0,0,0,0,0,0,0,0,0,0,0,0,0,0,0,0,0,0,0,0,0,0,0,0,0,0,0,0,0,0,0,0,0,0,0,0,0,2250947,5130574
D4,69,Seminole,2010,6902863,"OSAKA JAPANESE STEAKHOUSE","3847 LAKE EMMA RD","LAKE MARY",327463343,2312986,1,Food,"Routine - Food","Inspection Completed - No Further Action",9/26/2013,,,9,2,3,4,Y,0,0,0,0,0,0,0,1,0,1,0,0,0,0,0,2,0,0,0,0,0,2,1,0,0,0,0,0,1,0,0,0,0,0,0,1,0,0,0,0,0,0,0,0,0,0,0,0,0,0,0,0,0,0,0,0,0,0,2251258,4997737
D4,69,Seminole,2010,6903314,"BOSTON MARKET #0212","4335 W LAKE MARY BLVD","LAKE MARY",327462448,2313137,1,Food,"Routine - Food","Inspection Completed - No Further Action",9/26/2013,,,1,0,0,1,Y,0,0,0,0,0,0,0,0,0,0,0,0,0,0,0,0,0,0,0,0,0,0,0,0,0,0,0,0,0,0,0,0,0,0,0,1,0,0,0,0,0,0,0,0,0,0,0,0,0,0,0,0,0,0,0,0,0,0,2251458,4997960
D4,69,Seminole,2010,6903347,"STEAK N SHAKE #272","4325 N LAKE MARY BLVD","LAKE MARY",327462448,2302619,1,Food,"Routine - Food","Inspection Completed - No Further Action",9/26/2013,,,6,0,2,4,Y,0,0,0,0,0,0,0,0,0,1,0,0,0,1,0,0,0,0,0,0,0,2,1,0,0,0,0,0,0,0,0,0,0,0,0,0,0,0,0,0,0,1,0,0,0,0,0,0,0,0,0,0,0,0,0,0,0,0,2251480,4983093
D4,69,Seminole,2010,6903412,"TACO BELL #23887","254 SEMINOLE TOWN CENTER CIR #VC04",SANFORD,32771,2325656,1,Food,"Routine - Food","Inspection Completed - No Further Action",9/26/2013,,,2,0,2,0,Y,0,0,0,0,0,0,0,0,0,0,0,0,0,0,0,0,0,0,0,0,0,0,0,0,0,0,2,0,0,0,0,0,0,0,0,0,0,0,0,0,0,0,0,0,0,0,0,0,0,0,0,0,0,0,0,0,0,0,3656053,5015734
D4,69,Seminole,2010,6903428,"STEAK N SHAKE #278","40 TOWNE CENTER CIR",SANFORD,32771,2291904,1,Food,"Routine - Food","Inspection Completed - No Further Action",9/26/2013,,,13,3,1,9,Y,0,0,0,0,0,0,0,1,0,0,0,0,0,1,0,1,0,0,0,0,0,1,2,0,1,0,0,0,0,0,0,0,2,0,0,2,0,0,0,0,2,0,0,0,0,0,0,0,0,0,0,0,0,0,0,0,0,0,2251543,4967078
D4,69,Seminole,2010,6903824,"EINSTEIN BROS BAGELS #1204","3805 LAKE EMMA RD","LAKE MARY",32746,2313902,1,Food,"Routine - Food","Inspection Completed - No Further Action",9/26/2013,,,3,0,0,3,Y,0,0,0,0,0,0,0,0,0,0,0,0,0,0,0,0,0,0,0,0,0,0,0,0,0,0,0,0,1,0,0,0,0,0,0,1,0,0,0,0,0,1,0,0,0,0,0,0,0,0,0,0,0,0,0,0,0,0,2251926,4999015
D4,69,Seminole,2010,6904593,"LA ANTIQUENA RESTAURANT","3861 LAKE EMMA ROAD","LAKE MARY",32746,2303543,1,Food,"Routine - Food","Inspection Completed - No Further Action",9/26/2013,,,6,1,3,2,Y,0,1,0,0,0,0,0,1,0,0,0,0,0,0,0,1,0,0,0,0,0,0,0,0,0,0,0,0,0,0,2,0,0,0,0,0,0,0,0,0,0,1,0,0,0,0,0,0,0,0,0,0,0,0,0,0,0,0,3119409,4984429
D4,69,Seminole,2010,6904828,"A&M VERCINI'S ITALIAN ICE","185 N COUNTRY CLUB RD","LAKE MARY",32746,2306621,1,Food,"Routine - Food","Inspection Completed - No Further Action",9/26/2013,,,1,0,0,1,Y,0,0,0,0,0,0,0,0,0,0,0,0,0,0,0,0,0,0,0,0,0,0,0,0,0,0,0,0,0,0,0,0,0,0,0,0,0,0,0,0,0,1,0,0,0,0,0,0,0,0,0,0,0,0,0,0,0,0,4136219,4988605
D4,69,Seminole,2010,6904981,"HABANEROS MEXICAN GRILL","223 TOWNE CENTER CIR",SANFORD,32771,2299604,1,Food,"Routine - Food","Inspection Completed - No Further Action",9/26/2013,,,16,4,6,6,Y,0,0,0,0,1,0,0,2,0,0,0,0,0,2,0,0,0,0,0,0,0,1,2,0,0,0,1,0,0,0,3,0,0,0,0,0,0,1,0,0,2,0,0,0,0,0,0,0,0,0,0,0,1,0,0,0,0,0,5474625,4977764
D4,74,Volusia,2010,7400095,"TAILGATERS SPORTS BAR & GRILL","219 S ATLANTIC AVE","DAYTONA BEACH",32118,2283353,2,Food,"Routine - Food","Call Back - Complied",9/26/2013,,,2,0,0,2,Y,0,0,0,0,0,0,0,0,0,0,0,0,0,0,0,0,0,0,0,0,0,0,0,0,0,0,0,0,0,0,0,0,0,0,1,1,0,0,0,0,0,0,0,0,0,0,0,0,0,0,0,0,0,0,0,0,0,0,3435613,5100305
D4,74,Volusia,2010,7403687,"BURGER KING #5572","2453 W INTERNATIONAL SPEEDWAY BLVD","DAYTONA BEACH",32114,2362488,1,Food,"Routine - Food","Inspection Completed - No Further Action",9/26/2013,,,8,1,4,3,Y,0,0,1,0,0,0,0,0,0,0,0,0,0,0,0,0,0,0,0,0,0,2,1,0,0,0,0,0,0,0,1,0,0,0,0,1,0,1,0,0,0,0,0,0,0,0,0,0,0,0,0,0,1,0,0,0,0,0,5392808,5067810
D4,74,Volusia,2010,7404446,"BREAKERS (THE)","518 FLAGLER AVE","NEW SMYRNA BCH",321692643,2313172,1,Food,"Routine - Food","Inspection Completed - No Further Action",9/26/2013,,,9,2,3,4,Y,0,1,2,0,1,0,0,0,0,0,0,0,0,1,0,1,0,0,0,0,0,2,0,0,1,0,0,0,0,0,0,0,0,0,0,0,0,0,0,0,0,0,0,0,0,0,0,0,0,0,0,0,0,0,0,0,0,0,2254688,4998002
D4,74,Volusia,2010,7404885,"TACO BELL #24","1408 BEVILLE RD","DAYTONA BCH",32114,2282147,1,Food,"Routine - Food","Inspection Completed - No Further Action",9/26/2013,,,5,0,1,4,Y,0,0,0,0,0,0,0,0,0,0,0,0,0,1,0,0,0,0,0,0,0,1,0,0,0,0,0,0,1,0,0,0,0,0,0,2,0,0,0,0,0,0,0,0,0,0,0,0,0,0,0,0,0,0,0,0,0,0,3077766,4953062
D4,74,Volusia,2010,7404961,"CHINA KING","1235 J PROVIDENCE BLVD",DELTONA,327257363,2370351,1,Food,"Complaint Full","Warning Issued",9/26/2013,,,10,1,1,8,Y,0,0,1,0,0,0,0,0,0,1,0,0,0,3,0,0,0,0,0,0,1,0,1,0,0,0,0,0,0,0,1,0,0,0,0,2,0,0,0,0,0,0,0,0,0,0,0,0,0,0,0,0,0,0,0,0,0,0,2254820,5130582
D4,74,Volusia,2010,7405102,"PIZZA HUT","1500 BEVILLE RD #102","DAYTONA BEACH",32114,2338138,1,Food,"Routine - Food","Inspection Completed - No Further Action",9/26/2013,,,4,0,0,4,Y,0,0,0,0,0,0,0,0,0,0,0,0,0,1,0,1,0,0,0,0,0,1,0,0,0,0,0,0,0,0,0,0,0,0,0,1,0,0,0,0,0,0,0,0,0,0,0,0,0,0,0,0,0,0,0,0,0,0,4146995,5033355
D4,74,Volusia,2010,7405458,"APPLEBEES NEIGHBORHOOD GRILL & BAR","150 WILLIAMSON BLVD","ORMOND BEACH",32174,2288581,1,Food,"Routine - Food","Inspection Completed - No Further Action",9/26/2013,,,10,0,2,8,Y,0,1,0,0,0,0,0,0,0,0,0,0,0,3,0,0,0,0,0,0,0,1,3,0,0,0,1,0,0,0,0,0,0,0,0,1,0,0,0,0,0,0,0,0,0,0,0,0,0,0,0,0,0,0,0,0,0,0,5355049,4961963
D4,74,Volusia,2010,7405466,"MONSTER PIZZA","1701 DOYLE ROAD SUITE B",DELTONA,32725,2335692,2,Food,"Routine - Food","Call Back - Complied",9/26/2013,,,5,0,2,3,Y,0,0,0,0,0,0,0,1,0,0,0,0,0,1,0,1,0,0,0,0,0,1,0,0,0,0,0,0,0,0,0,0,0,0,0,1,0,0,0,0,0,0,0,0,0,0,0,0,0,0,0,0,0,0,0,0,0,0,3468455,5131303
D4,74,Volusia,2010,7405640,"JOY LUCK RESTAURANT","2966 S RIDGEWOOD AVE",EDGEWATER,32141,2283583,2,Food,"Routine - Food","Call Back - Complied",9/26/2013,,,7,1,0,6,Y,0,1,0,0,0,0,0,1,0,0,0,0,0,1,0,0,0,0,0,0,0,0,1,0,2,0,0,0,0,0,0,1,0,0,0,0,0,0,0,0,0,0,0,0,0,0,0,0,0,0,0,0,0,0,0,0,0,0,3777325,5131210
D4,74,Volusia,2010,7405717,"CRACKER BARREL #364","125 INTERCHANGE BLVD","ORMOND BEACH",32174,2302701,1,Food,"Routine - Food","Inspection Completed - No Further Action",9/26/2013,,,2,0,0,2,Y,0,0,0,0,0,0,0,0,0,0,0,0,0,1,0,0,0,0,0,0,0,0,1,0,0,0,0,0,0,0,0,0,0,0,0,0,0,0,0,0,0,0,0,0,0,0,0,0,0,0,0,0,0,0,0,0,0,0,2255362,4983218
D4,74,Volusia,2010,7405810,"LPGA HALFWAY HOUSE","1030 CHAMPIONS DR","DAYTONA BEACH",32124,2330317,2,Food,"Routine - Food","Call Back - Complied",9/26/2013,,,0,0,0,0,Y,0,0,0,0,0,0,0,0,0,0,0,0,0,0,0,0,0,0,0,0,0,0,0,0,0,0,0,0,0,0,0,0,0,0,0,0,0,0,0,0,0,0,0,0,0,0,0,0,0,0,0,0,0,0,0,0,0,0,5302722,5100215
D4,74,Volusia,2010,7406067,"MARIA BONITA'S","1784 S RIDGEWOOD AVE","S DAYTONA BCH",32119,2303069,2,Food,"Routine - Food","Call Back - Extension given, pending",9/26/2013,,,5,1,0,4,Y,0,0,1,0,0,0,0,0,0,0,0,0,0,2,0,0,0,0,0,0,0,0,0,0,0,0,0,0,0,0,0,0,0,0,1,1,0,0,0,0,0,0,0,0,0,0,0,0,0,0,0,0,0,0,0,0,0,0,2778214,5131147
D4,74,Volusia,2010,7406109,"LPGA INTERNATIONAL GOLF CLUB HOUSE","1000 CHAMPIONS DR","DAYTONA BEACH",32124,2330319,2,Food,"Routine - Food","Call Back - Complied",9/26/2013,,,0,0,0,0,Y,0,0,0,0,0,0,0,0,0,0,0,0,0,0,0,0,0,0,0,0,0,0,0,0,0,0,0,0,0,0,0,0,0,0,0,0,0,0,0,0,0,0,0,0,0,0,0,0,0,0,0,0,0,0,0,0,0,0,5302724,5100173
D4,74,Volusia,2010,7406166,"GRAND BAHAMA ROOM","2001 S ATLANTIC AVE","DAYTONA BCH",32118,2344790,1,Food,"Routine - Food","Inspection Completed - No Further Action",9/26/2013,,,1,0,1,0,Y,0,0,0,0,0,0,0,0,0,0,0,0,0,0,0,0,0,0,0,0,0,0,0,0,0,0,0,0,0,0,0,0,0,0,0,0,0,0,0,0,0,0,0,0,0,0,0,0,0,0,0,0,1,0,0,0,0,0,2255849,5043034
D4,74,Volusia,2015,7406359,"ATLANTIC VENDORS","816 N. ATLANTIC AVE.","DAYTONA BEACH",32118,1101994,1,Food,"Routine - Food","Inspection Completed - No Further Action",9/26/2013,,,0,0,0,0,Y,0,0,0,0,0,0,0,0,0,0,0,0,0,0,0,0,0,0,0,0,0,0,0,0,0,0,0,0,0,0,0,0,0,0,0,0,0,0,0,0,0,0,0,0,0,0,0,0,0,0,0,0,0,0,0,0,0,0,2788681,5058324
D4,74,Volusia,2010,7406391,"LOST LAGOON WINGS AND GRILL","2004 N DIXIE FREEWAY","NEW SMYRNA BEACH",32168,2370318,1,Food,"Food-Licensing Inspection","Inspection Completed - No Further Action",9/26/2013,,,2,0,2,0,Y,0,0,0,0,0,0,0,0,0,0,0,0,0,0,0,0,0,0,0,0,0,0,0,0,0,0,0,0,0,0,0,0,0,0,0,0,0,0,0,0,1,0,0,0,0,0,0,0,0,0,0,0,1,0,0,0,0,0,5686053,5130149
D4,74,Volusia,2015,7406396,COVIDIEN,"2010 E INTERNATIONAL SPWY",DELAND,32724,1101392,1,Food,"Routine - Food","Inspection Completed - No Further Action",9/26/2013,,,0,0,0,0,Y,0,0,0,0,0,0,0,0,0,0,0,0,0,0,0,0,0,0,0,0,0,0,0,0,0,0,0,0,0,0,0,0,0,0,0,0,0,0,0,0,0,0,0,0,0,0,0,0,0,0,0,0,0,0,0,0,0,0,3945123,5017075
D4,74,Volusia,2015,7406399,"CAFE BY ENCORE INC","2010 E INTERNATIONAL SPWY BLVD",DELAND,32724,1100974,1,Food,"Routine - Food","Inspection Completed - No Further Action",9/26/2013,,,0,0,0,0,Y,0,0,0,0,0,0,0,0,0,0,0,0,0,0,0,0,0,0,0,0,0,0,0,0,0,0,0,0,0,0,0,0,0,0,0,0,0,0,0,0,0,0,0,0,0,0,0,0,0,0,0,0,0,0,0,0,0,0,3949846,4987094
D4,74,Volusia,2010,7406399,"TAVERN IN THE GARDEN","5123 RIDGEWOOD AVENUE","PORT ORANGE",32127,2323872,2,Food,"Routine - Food","Call Back - Complied",9/26/2013,,,0,0,0,0,Y,0,0,0,0,0,0,0,0,0,0,0,0,0,0,0,0,0,0,0,0,0,0,0,0,0,0,0,0,0,0,0,0,0,0,0,0,0,0,0,0,0,0,0,0,0,0,0,0,0,0,0,0,0,0,0,0,0,0,2349414,5099136
D4,74,Volusia,2010,7406480,"HONG KONG CHINESE RESTAURANT AT PORT ORANGE INC","5287 S NOVA RD","PORT ORANGE",32127-6239,2338053,1,Food,"Routine - Food","Inspection Completed - No Further Action",9/26/2013,,,10,5,2,3,Y,0,0,1,0,0,0,0,4,0,0,0,0,0,2,0,0,0,0,0,0,0,1,0,0,0,0,1,0,0,0,1,0,0,0,0,0,0,0,0,0,0,0,0,0,0,0,0,0,0,0,0,0,0,0,0,0,0,0,4187043,5033257
D4,74,Volusia,2010,7406635,"CAFE BY ENCORE","2010 E INTERNATIONAL SPEEDWAY BLVD",DELAND,32724,2357855,1,Food,"Routine - Food","Warning Issued",9/26/2013,,,17,3,6,8,Y,0,1,3,0,1,0,0,3,0,0,0,1,0,0,0,2,0,0,0,0,1,1,0,0,1,0,0,0,1,0,1,0,0,0,0,0,0,0,0,0,1,0,0,0,0,0,0,0,0,0,0,0,0,0,0,0,0,0,3803879,5061468
D4,74,Volusia,2010,7406644,"STROKERS BILLARDS & GRILLE","1517 S RIDGEWOOD AVE #2",EDGEWATER,32132,2329461,2,Food,"Routine - Food","Call Back - Extension given, pending",9/26/2013,,,5,2,1,2,Y,0,0,1,0,0,0,0,1,0,1,0,0,0,0,0,0,0,0,0,0,0,0,0,0,0,0,0,0,0,0,0,0,0,0,0,1,0,0,0,0,0,0,0,0,0,0,0,0,0,0,1,0,0,0,0,0,0,0,4436494,5100459
D4,74,Volusia,2010,7406669,"SALSAS MEXICAN RESTAURANT","1930 W GRANADA BLVD #6&7","ORMOND BEACH",32174,2296058,1,Food,"Routine - Food","Inspection Completed - No Further Action",9/26/2013,,,10,2,0,8,Y,0,1,2,0,0,0,0,2,0,0,0,0,0,2,0,1,0,0,0,0,0,1,1,0,0,0,0,0,0,0,0,0,0,0,0,0,0,0,0,0,0,0,0,0,0,0,0,0,0,0,0,0,0,0,0,0,0,0,4223695,4972724
D4,74,Volusia,2010,7406822,"NSB YU-MI","761 E 3 AVE","NEW SMYRNA BEACH",32169,2328492,1,Food,"Routine - Food","Warning Issued",9/26/2013,,,11,2,4,5,Y,0,0,1,0,3,0,0,0,0,0,0,0,0,0,0,0,0,0,0,0,0,2,0,0,1,0,0,0,1,0,0,0,0,0,0,2,0,0,0,0,0,0,0,0,0,0,0,0,0,0,0,0,1,0,0,0,0,0,4290884,5019555
D4,74,Volusia,2010,7406985,"LITTLE CAESARS","3863 S NOVA ROAD, SUITE E","PORT ORANGE",32127,2349680,1,Food,"Routine - Food","Inspection Completed - No Further Action",9/26/2013,,,16,1,5,10,Y,0,0,0,0,0,0,0,0,0,0,0,0,0,0,0,2,0,0,0,0,0,3,1,0,1,0,0,0,2,0,2,1,0,0,0,2,0,0,0,0,0,0,0,0,0,0,0,0,0,1,1,0,0,0,0,0,0,0,4214196,5049737
D4,74,Volusia,2010,7407040,"TIME OUT FROZEN YOGURT INC","1930 W GRANDA BLVD STE 4","ORMOND BEACH",32174,2317875,1,Food,"Routine - Food","Inspection Completed - No Further Action",9/26/2013,,,0,0,0,0,Y,0,0,0,0,0,0,0,0,0,0,0,0,0,0,0,0,0,0,0,0,0,0,0,0,0,0,0,0,0,0,0,0,0,0,0,0,0,0,0,0,0,0,0,0,0,0,0,0,0,0,0,0,0,0,0,0,0,0,4412551,5004415
D4,15,Brevard,2010,1501147,"THE PEPPER TREE SANDWICH SHOP","2672 PALM BAY RD NE","PALM BAY",32905,2356407,1,Food,"Routine - Food","Inspection Completed - No Further Action",9/27/2013,,,1,0,1,0,Y,0,0,0,0,0,0,0,0,0,0,0,0,0,0,0,0,0,0,0,0,0,0,0,0,0,0,1,0,0,0,0,0,0,0,0,0,0,0,0,0,0,0,0,0,0,0,0,0,0,0,0,0,0,0,0,0,0,0,3198939,5059521
D4,15,Brevard,2010,1502088,"EL LEONCITO","4280 S WASHINGTON ST",TITUSVILLE,32780,2370418,1,Food,"Complaint Full","Warning Issued",9/27/2013,,,12,4,2,6,Y,0,1,2,0,0,0,0,0,1,0,0,0,0,2,0,0,0,0,0,0,0,0,0,0,0,0,0,0,0,0,1,0,1,0,1,3,0,0,0,0,0,0,0,0,0,0,0,0,0,0,0,0,0,0,0,0,0,0,3181627,5131078
D4,15,Brevard,2010,1502672,"DOTTIE'S RESTAURANT","5275 NE BABCOCK ST #3","PALM BAY",329054605,2300657,1,Food,"Routine - Food","Inspection Completed - No Further Action",9/27/2013,,,9,3,2,4,Y,0,1,1,0,0,0,0,2,0,0,0,1,0,3,0,0,0,0,0,0,0,1,0,0,0,0,0,0,0,0,0,0,0,0,0,0,0,0,0,0,0,0,0,0,0,0,0,0,0,0,0,0,0,0,0,0,0,0,2134027,4979301
D4,15,Brevard,2010,1503662,"DOMINO'S PIZZA 3161","4795 FAY BLVD #23",COCOA,329278246,2322027,1,Food,"Routine - Food","Inspection Completed - No Further Action",9/27/2013,,,1,0,0,1,Y,0,0,0,0,0,0,0,0,0,0,0,0,0,0,0,0,0,0,0,0,0,0,1,0,0,0,0,0,0,0,0,0,0,0,0,0,0,0,0,0,0,0,0,0,0,0,0,0,0,0,0,0,0,0,0,0,0,0,2134744,5010255
D4,15,Brevard,2010,1503974,"EMILIO'S PANINI GRILL CAFE","2401 PALM BAY RD NE","PALM BAY",32905,2327604,1,Food,"Routine - Food","Inspection Completed - No Further Action",9/27/2013,,,7,1,1,5,Y,0,1,1,0,0,0,0,1,0,0,0,0,0,3,0,0,0,0,0,0,0,0,0,0,0,0,0,0,0,0,0,0,0,0,0,1,0,0,0,0,0,0,0,0,0,0,0,0,0,0,0,0,0,0,0,0,0,0,4151066,5018284
D4,15,Brevard,2010,1504137,"SUBWAY 7461","6217 N US HIGHWAY 1 A-9","PORT ST JOHN",32927,2283876,1,Food,"Routine - Food","Inspection Completed - No Further Action",9/27/2013,,,1,0,1,0,Y,0,0,0,0,0,0,0,0,0,0,0,0,0,0,0,0,0,0,0,0,0,0,0,0,0,0,0,0,0,0,1,0,0,0,0,0,0,0,0,0,0,0,0,0,0,0,0,0,0,0,0,0,0,0,0,0,0,0,3875268,4955492
D4,15,Brevard,2010,1504297,"ICE CREAM SHOPPE","2330 N WICKHAM RD, SUITE 16",MELBOURNE,32935,2370407,1,Food,"Food-Licensing Inspection","Inspection Completed - No Further Action",9/27/2013,,,4,1,1,2,Y,0,0,0,0,1,0,0,0,0,1,0,0,0,0,0,0,0,0,0,0,0,0,0,0,0,0,0,0,1,0,0,0,0,0,0,0,0,0,0,0,0,0,0,0,0,0,0,0,0,0,1,0,0,0,0,0,0,0,5681586,5130712
D4,15,Brevard,2010,1504542,"JIM JAYS SANDWICH SHOP","2862 PALM BAY RD","PALM BAY",329054272,2353693,1,Food,"Routine - Food","Inspection Completed - No Further Action",9/27/2013,,,10,2,4,4,Y,0,2,0,0,0,0,0,0,1,0,0,2,1,1,0,0,0,0,0,0,0,0,0,0,0,0,0,0,0,0,0,1,0,0,0,0,0,0,0,0,2,0,0,0,0,0,0,0,0,0,0,0,0,0,0,0,0,0,2135249,5055343
D4,15,Brevard,2010,1504869,"GOOD TIMES BEER & WINE","1565 SARNO RD STE-D",MELBOURNE,32935,2287633,1,Food,"Routine - Food","Inspection Completed - No Further Action",9/27/2013,,,5,1,2,2,Y,0,1,0,0,0,0,0,0,0,0,0,0,0,0,0,0,0,0,0,0,0,1,0,0,0,0,0,0,0,0,1,0,0,0,0,1,0,0,0,0,1,0,0,0,0,0,0,0,0,0,0,0,0,0,0,0,0,0,5327178,4960675
D4,15,Brevard,2010,1504948,"WAGON WHEEL SOUTH","1760 NE PALM BAY RD","PALM BAY",32905,2322040,1,Food,"Routine - Food","Warning Issued",9/27/2013,,,9,2,1,6,Y,0,0,1,0,1,0,0,0,0,0,0,0,1,1,0,0,0,0,0,0,2,0,1,0,0,0,0,0,0,0,0,0,0,0,0,0,0,0,0,0,1,0,0,0,0,0,0,0,0,0,0,0,1,0,0,0,0,0,2135618,5010272
D4,15,Brevard,2010,1504984,"PORT CANAVERAL YACHT CLUB","910 MULLET RD","CAPE CANAVERAL",32920,2332450,1,Food,"Routine - Food","Inspection Completed - No Further Action",9/27/2013,,,9,0,3,6,Y,0,1,0,0,0,0,0,1,0,0,0,0,0,1,0,0,0,0,0,0,0,1,0,0,0,0,0,0,2,0,0,0,0,0,1,1,0,0,0,0,0,0,0,0,0,0,0,0,0,0,0,0,1,0,0,0,0,0,2135652,5025176
D4,15,Brevard,2010,1505016,"TACO BELL #20161","4855 BABCOCK ST","PALM BAY",32905,2343053,1,Food,"Routine - Food","Inspection Completed - No Further Action",9/27/2013,,,1,0,0,1,Y,0,0,0,0,0,0,0,0,0,0,0,0,0,0,0,0,0,0,0,0,0,0,1,0,0,0,0,0,0,0,0,0,0,0,0,0,0,0,0,0,0,0,0,0,0,0,1,0,0,0,0,0,0,0,0,0,0,0,2135684,5040311
D4,15,Brevard,2010,1505133,"MEG O'MALLEYS","812 E NEW HAVEN AVE",MELBOURNE,32901,2290117,2,Food,"Routine - Food","Call Back - Complied",9/27/2013,,,0,0,0,0,Y,0,0,0,0,0,0,0,0,0,0,0,0,0,0,0,0,0,0,0,0,0,0,0,0,0,0,0,0,0,0,0,0,0,0,0,0,0,0,0,0,0,0,0,0,0,0,0,0,0,0,0,0,0,0,0,0,0,0,2135798,5101761
D4,15,Brevard,2010,1505223,"CRANE CREEK INN","907 E MELBOURNE AVE",MELBOURNE,32901,2348556,1,Food,"Routine - Food","Inspection Completed - No Further Action",9/27/2013,,,1,0,1,0,Y,0,0,0,0,0,0,0,0,0,0,0,0,0,0,0,0,0,0,0,0,0,0,0,0,0,0,0,0,0,0,1,0,0,0,0,0,0,0,0,0,0,0,0,0,0,0,0,0,0,0,0,0,0,0,0,0,0,0,4165142,5048173
D4,15,Brevard,2010,1505253,"FIREHOUSE SUBS","4100 N WICKHAM RD STE 107",MELBOURNE,32935,2352233,1,Food,"Routine - Food","Inspection Completed - No Further Action",9/27/2013,,,1,0,1,0,Y,0,0,0,0,0,0,0,0,0,0,0,0,0,0,0,0,0,0,0,0,0,0,0,0,0,0,0,0,0,0,1,0,0,0,0,0,0,0,0,0,0,0,0,0,0,0,0,0,0,0,0,0,0,0,0,0,0,0,5449110,5053218
D4,15,Brevard,2010,1505274,"MEMAW'S BAR B QUE OF PALM BAY","4916 BABCOCK ST NE","PALM BAY",32905,2284167,2,Food,"Routine - Food","Call Back - Complied",9/27/2013,,,2,0,0,2,Y,0,0,0,0,0,0,0,0,0,0,0,0,0,1,0,0,0,0,0,0,0,0,0,0,0,0,0,0,0,0,0,0,0,0,0,1,0,0,0,0,0,0,0,0,0,0,0,0,0,0,0,0,0,0,0,0,0,0,3955419,5131972
D4,15,Brevard,2010,1505602,SMOKEHOUSE,"525 GLEN CHEEK DRIVE","CAPE CANAVERAL",32920,2355585,1,Food,"Routine - Food","Inspection Completed - No Further Action",9/27/2013,,,0,0,0,0,Y,0,0,0,0,0,0,0,0,0,0,0,0,0,0,0,0,0,0,0,0,0,0,0,0,0,0,0,0,0,0,0,0,0,0,0,0,0,0,0,0,0,0,0,0,0,0,0,0,0,0,0,0,0,0,0,0,0,0,2430208,5058298
D4,15,Brevard,2010,1505640,"PHILLY STATION","6725 N US HWY 1",COCOA,32927,2309154,1,Food,"Routine - Food","Inspection Completed - No Further Action",9/27/2013,,,6,1,1,4,Y,0,0,0,0,0,0,0,1,0,0,0,1,0,1,0,0,0,0,0,0,0,0,0,0,0,0,0,0,0,0,0,0,0,0,0,1,0,0,0,1,1,0,0,0,0,0,0,0,0,0,0,0,0,0,0,0,0,0,5266084,4992139
D4,15,Brevard,2015,1505726,"OASIS INTERSIL","1650 ROBERT J CONLAN BLVD","PALM BAY",32905,1101289,1,Food,"Routine - Food","Inspection Completed - No Further Action",9/27/2013,,,0,0,0,0,Y,0,0,0,0,0,0,0,0,0,0,0,0,0,0,0,0,0,0,0,0,0,0,0,0,0,0,0,0,0,0,0,0,0,0,0,0,0,0,0,0,0,0,0,0,0,0,0,0,0,0,0,0,0,0,0,0,0,0,5555270,5008607
D4,15,Brevard,2015,1505727,"OASIS INTERSIL","1650 ROBERT J CONLAN BLVD","PALM BAY",32905,1102159,1,Food,"Routine - Food","Inspection Completed - No Further Action",9/27/2013,,,0,0,0,0,Y,0,0,0,0,0,0,0,0,0,0,0,0,0,0,0,0,0,0,0,0,0,0,0,0,0,0,0,0,0,0,0,0,0,0,0,0,0,0,0,0,0,0,0,0,0,0,0,0,0,0,0,0,0,0,0,0,0,0,5555243,5068764
D4,15,Brevard,2010,1505735,"BP'S EAST COAST PIZZA CO","3720 CURTIS BLVD #110","PORT ST JOHN",32927,2294527,1,Food,"Routine - Food","Warning Issued",9/27/2013,,,11,1,4,6,Y,0,0,1,0,0,0,0,0,0,0,0,0,1,1,0,0,0,0,0,0,0,1,0,0,0,0,0,0,1,0,1,0,1,0,0,2,0,0,0,0,1,0,0,0,0,0,0,0,0,0,0,0,1,0,0,0,0,0,3886357,4970760
D4,15,Brevard,2010,1505788,"RUBIOS CUBAN CAFE","6550 N ATLANTIC AVENUE #C","CAPE CANAVERAL",32920,2326795,1,Food,"Routine - Food","Inspection Completed - No Further Action",9/27/2013,,,4,1,1,2,Y,0,0,0,0,0,0,0,1,0,0,0,0,0,0,0,0,0,0,0,0,0,0,0,1,0,0,0,0,0,0,0,0,0,0,1,0,0,0,0,0,0,0,0,0,0,0,0,0,0,0,0,0,1,0,0,0,0,0,4001707,5017208
D4,15,Brevard,2010,1505809,"STONE CREEK PIZZA CO.","3760 CURTIS BLVD",COCOA,32927,2367069,1,Food,"Routine - Food","Inspection Completed - No Further Action",9/27/2013,,,5,2,1,2,Y,0,0,1,0,0,0,0,0,0,0,0,1,1,0,0,0,0,0,0,0,0,0,0,0,0,0,0,0,0,0,0,0,0,0,0,0,0,0,0,0,2,0,0,0,0,0,0,0,0,0,0,0,0,0,0,0,0,0,5640976,5099894
D4,15,Brevard,2010,1506169,"THE GREEN ROOM CAFE","222 1 ST N","COCOA BEACH",32931,2308502,1,Food,"Routine - Food","Inspection Completed - No Further Action",9/27/2013,,,3,1,1,1,Y,0,0,1,0,0,0,0,0,0,0,0,0,0,0,0,0,0,0,0,0,0,0,0,0,0,0,0,0,0,0,1,0,0,0,0,1,0,0,0,0,0,0,0,0,0,0,0,0,0,0,0,0,0,0,0,0,0,0,5337176,4991300
D4,15,Brevard,2010,1506192,"FISHERMAN'S WORLD PC","602 GLEN CHEEK DR","CAPE CANAVERAL",32920,2306379,1,Food,"Routine - Food","Inspection Completed - No Further Action",9/27/2013,,,0,0,0,0,Y,0,0,0,0,0,0,0,0,0,0,0,0,0,0,0,0,0,0,0,0,0,0,0,0,0,0,0,0,0,0,0,0,0,0,0,0,0,0,0,0,0,0,0,0,0,0,0,0,0,0,0,0,0,0,0,0,0,0,4080980,4988259
D4,15,Brevard,2010,1506207,"OZZIE'S CRABHOUSE","4391 DIXIE HWY NE","PALM BAY",32905,2337713,1,Food,"Routine - Food","Inspection Completed - No Further Action",9/27/2013,,,8,3,0,5,Y,0,0,1,0,0,1,0,0,1,0,0,1,0,2,0,0,0,0,0,0,0,0,0,0,0,0,0,0,0,0,0,0,0,0,0,1,0,0,0,0,1,0,0,0,0,0,0,0,0,0,0,0,0,0,0,0,0,0,4113915,5032827
D4,15,Brevard,2010,1506211,"BEST BAGELS","1712 N WICKHAM RD",MELBOURNE,32935,2317118,1,Food,"Routine - Food","Inspection Completed - No Further Action",9/27/2013,,,5,0,3,2,Y,0,1,0,0,0,0,0,0,0,0,0,0,0,2,0,0,0,0,0,0,0,1,0,0,0,0,0,0,0,0,0,0,0,0,0,1,0,0,0,0,0,0,0,0,0,0,0,0,0,0,0,0,0,0,0,0,0,0,4121309,5003372
D4,15,Brevard,2010,1506414,"MARCO'S PIZZA","3600 N WICKHAM ROAD #107",MELBOURNE,32935,2289473,1,Food,"Routine - Food","Inspection Completed - No Further Action",9/27/2013,,,1,0,0,1,Y,0,1,0,0,0,0,0,0,0,0,0,0,0,0,0,0,0,0,0,0,0,0,0,0,0,0,0,0,0,0,0,0,0,0,0,0,0,0,0,0,0,0,0,0,0,0,0,0,0,0,0,0,0,0,0,0,0,0,5503032,4963231
D4,15,Brevard,2014,1550465,"CAMP HOLLY","2112 W NEW HAVEN AVE","WEST MELBOURNE",32904,1169911,1,Food,"Routine - Food","Inspection Completed - No Further Action",9/27/2013,,,3,0,1,2,Y,0,0,0,0,0,0,0,0,0,0,0,0,0,0,0,0,0,0,0,0,0,1,1,0,0,0,1,0,0,0,0,0,0,0,0,0,0,0,0,0,0,0,0,0,0,0,0,0,0,0,0,0,0,0,0,0,0,0,4045190,5050115
D4,41,"Indian River",2010,4105281,"DUNKIN DONUTS","9009 20TH STREET","VERO BEACH",32966,2369141,1,Food,"Food-Licensing Inspection","Inspection Completed - No Further Action",9/27/2013,,,0,0,0,0,Y,0,0,0,0,0,0,0,0,0,0,0,0,0,0,0,0,0,0,0,0,0,0,0,0,0,0,0,0,0,0,0,0,0,0,0,0,0,0,0,0,0,0,0,0,0,0,0,0,0,0,0,0,0,0,0,0,0,0,5675821,5120294
D4,45,Lake,2010,4501124,"TACO JOHN'S","451 S DUNCAN DRIVE",TAVARES,32778,2355606,1,Food,"Routine - Food","Inspection Completed - No Further Action",9/27/2013,,,13,1,3,9,Y,0,0,0,0,1,0,0,0,0,1,0,1,0,0,0,0,0,0,0,0,0,1,2,0,0,0,1,0,1,0,1,0,0,0,0,2,0,0,0,0,0,0,0,0,0,0,0,0,0,0,2,0,0,0,0,0,0,0,2758993,5058323
D4,45,Lake,2010,4508244,"BEST WESTERN HOTEL","1380 E BURLEIGH BLVD",TAVARES,32778,2305127,1,Food,"Routine - Food","Inspection Completed - No Further Action",9/27/2013,,,4,0,3,1,Y,0,0,1,0,0,1,0,0,0,0,0,0,0,0,0,0,0,0,0,0,0,0,0,0,0,0,0,0,0,0,1,0,0,0,0,0,0,0,0,0,0,0,0,0,0,0,0,1,0,0,0,0,1,0,0,0,0,0,3870884,4986651
D4,45,Lake,2010,4508397,"DOMINO'S PIZZA","457 S DUNCAN DR",TAVARES,32778,2360862,1,Food,"Routine - Food","Inspection Completed - No Further Action",9/27/2013,,,3,0,1,2,Y,0,0,0,0,0,0,0,0,1,0,0,0,0,0,0,0,0,0,0,0,0,0,1,0,0,0,1,0,0,0,0,0,0,0,0,0,0,0,0,0,0,0,0,0,0,0,0,0,0,0,0,0,0,0,0,0,0,0,4402448,5065522
D4,58,Orange,2010,5800434,"TONY'S TOWN SQUARE CAFE","1365 N MONORAIL WAY","BAY LAKE",32830,2370506,1,Food,"Complaint Full","Inspection Completed - No Further Action",9/27/2013,,,2,1,0,1,Y,0,0,0,0,0,0,0,1,0,0,0,0,0,0,0,0,0,0,0,0,0,0,0,0,0,0,0,0,0,0,0,0,0,0,0,1,0,0,0,0,0,0,0,0,0,0,0,0,0,0,0,0,0,0,0,0,0,0,2208105,5131754
D4,58,Orange,2010,5803000,"W N W SAND CASTLE","6200 INTERNATIONAL DR",ORLANDO,328198290,2333458,1,Food,"Routine - Food","Inspection Completed - No Further Action",9/27/2013,,,6,2,3,1,Y,0,1,1,0,1,0,0,0,0,0,0,1,0,0,0,0,0,0,0,0,0,1,0,0,0,0,0,0,0,0,1,0,0,0,0,0,0,0,0,0,0,0,0,0,0,0,0,0,0,0,0,0,0,0,0,0,0,0,2209332,5026893
D4,58,Orange,2012,5803017,"WET N WILD FOOD CARTS","6200 INTERNATIONAL DR",ORLANDO,328198239,1056336,1,Food,"Routine - Food","Inspection Completed - No Further Action",9/27/2013,,,7,0,4,3,Y,0,0,0,0,0,0,0,0,0,0,0,1,0,0,0,0,0,0,0,0,1,2,0,0,0,0,0,0,1,0,2,0,0,0,0,0,0,0,0,0,0,0,0,0,0,0,0,0,0,0,0,0,0,0,0,0,0,0,2209343,5012246
D4,58,Orange,2010,5803762,"SHAMU SNACK BAR #1","7007 SEA WORLD DR",ORLANDO,328218009,2354594,1,Food,"Routine - Food","Inspection Completed - No Further Action",9/27/2013,,,1,0,1,0,Y,0,0,0,0,0,0,0,0,0,0,0,0,0,0,0,0,0,0,0,0,0,1,0,0,0,0,0,0,0,0,0,0,0,0,0,0,0,0,0,0,0,0,0,0,0,0,0,0,0,0,0,0,0,0,0,0,0,0,2210108,5056858
D4,58,Orange,2010,5803763,"SHAMU SNACK BAR #2","7007 SEA WORLD DR",ORLANDO,328218009,2291099,1,Food,"Routine - Food","Inspection Completed - No Further Action",9/27/2013,,,1,0,1,0,Y,0,0,0,0,0,0,0,0,0,0,0,0,0,0,0,0,0,0,0,0,0,1,0,0,0,0,0,0,0,0,0,0,0,0,0,0,0,0,0,0,0,0,0,0,0,0,0,0,0,0,0,0,0,0,0,0,0,0,2210110,4965895
D4,58,Orange,2010,5804037,"SUNRISE DINER INC","2512 N ORANGE AVE",ORLANDO,32804,2299122,1,Food,"Routine - Food","Inspection Completed - No Further Action",9/27/2013,,,5,2,0,3,Y,1,0,0,0,0,0,0,0,1,0,0,0,0,0,0,0,0,0,0,0,0,1,0,1,1,0,0,0,0,0,0,0,0,0,0,0,0,0,0,0,0,0,0,0,0,0,0,0,0,0,0,0,0,0,0,0,0,0,5344824,4977050
D4,58,Orange,2010,5804484,"W N W FORT APACHE","6200 INTERNATIONAL DR",ORLANDO,32819,2301829,1,Food,"Routine - Food","Inspection Completed - No Further Action",9/27/2013,,,4,0,3,1,Y,0,0,0,0,0,0,0,0,0,0,0,0,0,0,0,1,0,0,0,0,0,1,0,0,0,0,0,0,0,0,1,0,0,0,0,0,0,0,0,0,0,0,0,0,0,0,0,0,0,0,1,0,0,0,0,0,0,0,2210921,4981789
D4,58,Orange,2010,5804486,CRICKET'S,"4564 S SEMORAN BLVD",ORLANDO,328222408,2354636,2,Food,"Routine - Food","Call Back - Complied",9/27/2013,,,3,0,0,3,Y,0,0,0,0,0,0,0,0,0,0,0,0,0,1,0,0,0,0,0,0,0,0,1,0,0,0,0,0,0,0,0,0,0,0,0,1,0,0,0,0,0,0,0,0,0,0,0,0,0,0,0,0,0,0,0,0,0,0,2210925,5100254
D4,58,Orange,2010,5804500,"MARIO'S PIZZA & SUB","7213 CURRY FORD RD",ORLANDO,32822,2370437,1,Food,"Complaint Full","Inspection Completed - No Further Action",9/27/2013,,,3,0,1,2,Y,0,1,0,0,0,0,0,1,0,0,0,0,0,0,0,0,0,0,0,0,1,0,0,0,0,0,0,0,0,0,0,0,0,0,0,0,0,0,0,0,0,0,0,0,0,0,0,0,0,0,0,0,0,0,0,0,0,0,4172775,5131238
D4,58,Orange,2010,5806697,"TERRACE DELI/EMPLOYEE DINING/PIZZA AND PASTA BUFFET","7007 SEA WORLD DR",ORLANDO,328218009,2354682,1,Food,"Routine - Food","Inspection Completed - No Further Action",9/27/2013,,,3,2,0,1,Y,0,0,1,0,0,0,0,1,0,0,0,0,0,1,0,0,0,0,0,0,0,0,0,0,0,0,0,0,0,0,0,0,0,0,0,0,0,0,0,0,0,0,0,0,0,0,0,0,0,0,0,0,0,0,0,0,0,0,2212435,5056978
D4,58,Orange,2010,5806864,"MANGO JOE'S","7007 SEA WORLD DR",ORLANDO,328218009,2354655,1,Food,"Routine - Food","Inspection Completed - No Further Action",9/27/2013,,,3,1,1,1,Y,0,0,0,0,0,0,0,0,0,0,0,0,0,0,0,0,0,0,0,0,0,2,1,0,0,0,0,0,0,0,0,0,0,0,0,0,0,0,0,0,0,0,0,0,0,0,0,0,0,0,0,0,0,0,0,0,0,0,2212495,5056942
D4,58,Orange,2010,5807644,"CARLOS COUNTRY KITCHEN","1500 WURST RD #6",OCOEE,347611672,2366546,2,Food,"Complaint Full","Call Back - Complied",9/27/2013,,,0,0,0,0,Y,0,0,0,0,0,0,0,0,0,0,0,0,0,0,0,0,0,0,0,0,0,0,0,0,0,0,0,0,0,0,0,0,0,0,0,0,0,0,0,0,0,0,0,0,0,0,0,0,0,0,0,0,0,0,0,0,0,0,2212952,5100199
D4,58,Orange,2010,5808239,"CARRABBA'S ITALIAN GRILL","1001 W SAND LAKE RD",ORLANDO,32809,2280709,1,Food,"Routine - Food","Inspection Completed - No Further Action",9/27/2013,,,9,4,2,3,Y,0,0,3,0,0,0,0,1,0,0,0,0,0,0,0,0,0,0,0,0,1,0,0,0,0,0,0,1,0,0,1,0,0,0,0,2,0,0,0,0,0,0,0,0,0,0,0,0,0,0,0,0,0,0,0,0,0,0,2213441,4950906
D4,58,Orange,2010,5808531,"STEAK N SHAKE #316","12035 E COLONIAL AVE",ORLANDO,32826,2302090,1,Food,"Routine - Food","Warning Issued",9/27/2013,,,23,6,2,15,Y,0,1,6,0,1,0,0,1,0,0,0,2,0,1,0,2,0,0,0,0,0,1,1,2,1,0,0,0,0,0,1,0,0,0,0,2,0,0,0,0,1,0,0,0,1,0,0,0,0,0,0,0,0,0,0,0,0,0,2213716,4982269
D4,58,Orange,2010,5808622,"WENDY'S INTERNATIONAL #7548","8601 SUMMIT CIRCLE WAY",ORLANDO,32810,2334658,1,Food,"Routine - Food","Inspection Completed - No Further Action",9/27/2013,,,8,1,1,6,Y,0,0,0,0,1,0,0,0,0,0,0,0,0,2,0,0,0,0,0,0,1,2,1,0,0,0,0,0,0,0,0,0,0,0,0,0,0,0,0,0,0,0,0,0,0,0,0,0,0,0,1,0,0,0,0,0,0,0,2595431,5028625
D4,58,Orange,2010,5808873,"JOE'S CRAB SHACK","4601 S SEMORAN",ORLANDO,32822,2314644,2,Food,"Routine - Food","Call Back - Complied",9/27/2013,,,0,0,0,0,Y,0,0,0,0,0,0,0,0,0,0,0,0,0,0,0,0,0,0,0,0,0,0,0,0,0,0,0,0,0,0,0,0,0,0,0,0,0,0,0,0,0,0,0,0,0,0,0,0,0,0,0,0,0,0,0,0,0,0,3496281,5101073
D4,58,Orange,2010,5809402,"ARROZ CON POLLO","4031 W OAK RIDGE RD",ORLANDO,32809,2310009,1,Food,"Routine - Food","Inspection Completed - No Further Action",9/27/2013,,,8,2,1,5,Y,1,1,1,0,0,0,0,1,0,0,0,0,0,0,0,1,0,0,0,0,0,0,1,0,1,0,0,0,0,0,1,0,0,0,0,0,0,0,0,0,0,0,0,0,0,0,0,0,0,0,0,0,0,0,0,0,0,0,5565228,4993287
D4,58,Orange,2010,5809409,"AVILA TOWN","6400 INTERNATIONAL DR STE 180",ORLANDO,32819,2352693,1,Food,"Routine - Food","Inspection Completed - No Further Action",9/27/2013,,,12,2,2,8,Y,0,2,1,0,1,0,0,1,0,1,0,0,0,0,0,0,0,0,0,0,0,1,2,0,0,0,0,0,0,0,0,0,0,0,0,1,0,0,0,0,1,0,0,0,0,0,0,0,0,0,1,0,0,0,0,0,0,0,5504598,5053868
D4,58,Orange,2010,5810070,"COMFORT SUITES ORLANDO","2416 N ORANGE AVE",ORLANDO,32804,2291391,1,Food,"Routine - Food","Inspection Completed - No Further Action",9/27/2013,,,2,1,0,1,Y,0,0,1,0,0,0,0,0,0,0,0,0,0,1,0,0,0,0,0,0,0,0,0,0,0,0,0,0,0,0,0,0,0,0,0,0,0,0,0,0,0,0,0,0,0,0,0,0,0,0,0,0,0,0,0,0,0,0,2215129,4966298
D4,58,Orange,2010,5810604,"SUSHI HIBACHI","5239 S JOHN YOUNG PKWY",ORLANDO,32839,2298724,1,Food,"Routine - Food","Inspection Completed - No Further Action",9/27/2013,,,5,2,1,2,Y,0,0,0,0,0,1,0,2,0,0,0,1,0,0,0,0,0,0,0,0,0,0,0,0,0,0,0,0,0,0,1,0,0,0,0,0,0,0,0,0,0,0,0,0,0,0,0,0,0,0,0,0,0,0,0,0,0,0,4359132,4976463
D4,58,Orange,2010,5810968,"PIZZA HUT","2426 S KIRKMAN RD #144",ORLANDO,32811,2306260,1,Food,"Routine - Food","Inspection Completed - No Further Action",9/27/2013,,,9,0,2,7,Y,0,0,0,0,0,0,0,0,0,0,0,0,0,0,0,0,0,0,0,0,0,3,4,0,0,0,0,0,0,0,0,0,0,0,0,1,0,0,0,0,0,1,0,0,0,0,0,0,0,0,0,0,0,0,0,0,0,0,4147708,4988109
D4,58,Orange,2010,5811172,"EARL OF SANDWICH","1750 E BUENA VISTA DRIVE","LAKE BUENA VISTA",32830,2368380,1,Food,"Complaint Full","Inspection Completed - No Further Action",9/27/2013,,,22,6,3,13,Y,1,1,2,0,1,0,0,1,0,2,1,3,0,0,0,1,0,0,0,0,1,1,1,1,0,0,0,0,0,0,0,0,0,0,0,4,0,0,0,0,1,0,0,0,0,0,0,0,0,0,0,0,0,0,0,0,0,0,2602848,5112964
D4,58,Orange,2015,5811245,"DELTA AIRLINES- 72100","1 AIRPORT BLVD",ORLANDO,32827,1101703,1,Food,"Routine - Food","Inspection Completed - No Further Action",9/27/2013,,,2,2,0,0,Y,1,1,0,0,0,0,0,0,0,0,0,0,0,0,0,0,0,0,0,0,0,0,0,0,0,0,0,0,0,0,0,0,0,0,0,0,0,0,0,0,0,0,0,0,0,0,0,0,0,0,0,0,0,0,0,0,0,0,5248564,5037109
D4,58,Orange,2010,5811386,"MOE'S SOUTHWEST GRILL","4192 CONROY RD #115",ORLANDO,32839,2286154,1,Food,"Routine - Food","Inspection Completed - No Further Action",9/27/2013,,,4,0,0,4,Y,0,0,0,0,0,0,0,0,0,0,0,1,0,0,0,0,0,0,0,0,0,0,0,0,0,0,0,0,0,0,0,0,3,0,0,0,0,0,0,0,0,0,0,0,0,0,0,0,0,0,0,0,0,0,0,0,0,0,4315259,4958572
D4,58,Orange,2010,5812339,"SHAMU MARKETPLACE SOUTH","7007 SEAHARBOR DRIVE",ORLANDO,32821,2294950,1,Food,"Routine - Food","Inspection Completed - No Further Action",9/27/2013,,,2,0,1,1,Y,0,0,0,0,0,0,0,1,0,0,0,0,0,0,0,0,0,0,0,0,0,1,0,0,0,0,0,0,0,0,0,0,0,0,0,0,0,0,0,0,0,0,0,0,0,0,0,0,0,0,0,0,0,0,0,0,0,0,4013200,4971281
D4,58,Orange,2010,5812340,"SHAMU MARKETPLACE NORTH","7007 SEA HARBOR DRIVE",ORLANDO,32821,2305545,1,Food,"Routine - Food","Inspection Completed - No Further Action",9/27/2013,,,3,1,1,1,Y,0,0,1,0,0,0,0,0,0,0,0,0,0,0,0,0,0,0,0,0,0,1,0,0,0,0,0,0,0,0,0,0,0,0,0,0,0,0,0,0,0,0,0,0,0,0,0,0,0,0,1,0,0,0,0,0,0,0,4013193,4987211
D4,58,Orange,2010,5812488,"NEW TEXAS FRIED CHICKEN & PIZZA","400 S ORANGE BLOSSOM TRAIL",ORLANDO,32805,2370512,1,Food,"Complaint Full","Inspection Completed - No Further Action",9/27/2013,,,7,2,2,3,Y,0,0,2,0,0,0,0,1,0,0,0,0,0,1,0,0,0,0,0,0,0,0,0,0,0,0,0,0,1,0,0,0,1,0,0,0,0,0,0,0,0,0,0,0,0,0,0,0,0,0,0,0,1,0,0,0,0,0,4141660,5131846
D4,58,Orange,2010,5812564,"ARCADE SOFT SERVE","7007 SEA HARBOR DR",ORLANDO,32821,2285121,1,Food,"Routine - Food","Inspection Completed - No Further Action",9/27/2013,,,3,0,1,2,Y,0,0,0,0,0,0,0,0,0,0,0,0,0,2,0,0,0,0,0,0,0,1,0,0,0,0,0,0,0,0,0,0,0,0,0,0,0,0,0,0,0,0,0,0,0,0,0,0,0,0,0,0,0,0,0,0,0,0,4197810,4957161
D4,58,Orange,2010,5812607,"BAHAMA BREEZE #3045","1200 ALAFAYA TRAIL",ORLANDO,32828,2349059,1,Food,"Routine - Food","Inspection Completed - No Further Action",9/27/2013,,,3,1,1,1,Y,0,0,1,0,0,0,0,0,0,1,0,0,0,0,0,0,0,0,0,0,0,1,0,0,0,0,0,0,0,0,0,0,0,0,0,0,0,0,0,0,0,0,0,0,0,0,0,0,0,0,0,0,0,0,0,0,0,0,4236529,5048812
D4,58,Orange,2010,5812636,"THAI ISLAND ORLANDO RESTAURANT","2522 S SEMORAN BLVD",ORLANDO,32822,2285716,3,Food,"Routine - Food","Call Back - Complied",9/27/2013,,,5,0,1,4,Y,0,1,0,0,0,0,0,0,0,0,0,0,0,0,0,0,0,0,0,0,0,0,0,1,1,0,0,0,0,0,0,0,0,0,2,0,0,0,0,0,0,0,0,0,0,0,0,0,0,0,0,0,0,0,0,0,0,0,4266673,5103917
D4,58,Orange,2010,5812925,YUMMIELAND,"4580 E MICHIGAN ST",ORLANDO,32812,2298062,2,Food,"Routine - Food","Call Back - Complied",9/27/2013,,,0,0,0,0,Y,0,0,0,0,0,0,0,0,0,0,0,0,0,0,0,0,0,0,0,0,0,0,0,0,0,0,0,0,0,0,0,0,0,0,0,0,0,0,0,0,0,0,0,0,0,0,0,0,0,0,0,0,0,0,0,0,0,0,5297954,5131371
D4,58,Orange,2010,5812980,"WILD RICE BUFFET","843 LEE RD",ORLANDO,32810,2309320,2,Food,"Routine - Food","Call Back - Complied",9/27/2013,,,4,1,0,3,Y,0,0,0,0,0,0,0,0,0,0,0,0,0,1,0,0,0,0,0,0,0,0,0,0,0,0,0,0,0,0,0,0,0,0,0,1,0,0,0,0,1,0,0,0,0,0,0,0,0,1,0,0,0,0,0,0,0,0,5355249,5101769
D4,58,Orange,2010,5813000,TARTINI,"6327 S ORANGE AVE",ORLANDO,32809,2319976,1,Food,"Routine - Food","Warning Issued",9/27/2013,,,13,3,3,7,Y,0,2,2,0,0,0,0,1,0,1,0,0,0,1,0,1,0,0,0,0,0,1,0,1,0,0,0,0,0,0,0,0,0,0,0,0,0,0,0,1,0,0,0,0,0,0,0,0,0,0,1,0,1,0,0,0,0,0,5414674,5007384
D4,58,Orange,2010,5813108,"BELLAGIO PIZZA DELI","6400 INTERNATIONAL DR #160",ORLANDO,32819,2299424,1,Food,"Routine - Food","Warning Issued",9/27/2013,,,10,0,5,5,Y,0,2,0,0,0,0,0,1,0,0,0,0,0,1,0,0,0,0,0,0,1,2,0,0,0,0,0,0,0,0,1,0,0,0,0,0,0,0,0,0,0,0,0,0,0,0,0,0,0,0,1,0,1,0,0,0,0,0,5510864,4977503
D4,58,Orange,2010,5813242,"HUNGRY HOWIE'S 3045","2304 KIRKMAN RD",ORLANDO,32811,2353518,1,Food,"Routine - Food","Inspection Completed - No Further Action",9/27/2013,,,6,1,1,4,Y,0,0,0,0,0,0,0,1,0,0,0,0,1,0,0,0,0,0,0,0,1,0,0,0,0,0,0,0,0,0,0,1,0,0,0,0,0,0,0,0,1,0,0,0,0,0,0,0,0,0,0,0,1,0,0,0,0,0,5497971,5055072
D4,58,Orange,2014,5853552,"EL PUNTO","4880 DISTRIBUTION CT",ORLANDO,32822,1170576,1,Food,"Routine - Food","Inspection Completed - No Further Action",9/27/2013,,,1,0,0,1,Y,0,0,0,0,0,0,0,0,0,0,0,0,0,0,0,0,0,0,0,0,0,0,0,0,0,0,0,0,0,0,0,0,0,0,0,0,0,1,0,0,0,0,0,0,0,0,0,0,0,0,0,0,0,0,0,0,0,0,4255667,5064162
D4,58,Orange,2014,5854047,"HALLIES HOT'S","6101 ANNO AVE",ORLANDO,32809,1172178,1,Food,"Food-Licensing Inspection","Inspection Completed - No Further Action",9/27/2013,,,0,0,0,0,Y,0,0,0,0,0,0,0,0,0,0,0,0,0,0,0,0,0,0,0,0,0,0,0,0,0,0,0,0,0,0,0,0,0,0,0,0,0,0,0,0,0,0,0,0,0,0,0,0,0,0,0,0,0,0,0,0,0,0,5682252,5127494
D4,58,Orange,2014,5854048,"LEE'S FAMOUS CHEESESTEAKS","3330 WEST COLONIAL DRIVE",ORLANDO,32808,1172209,1,Food,"Food-Licensing Inspection","Inspection Completed - No Further Action",9/27/2013,,,5,0,0,5,Y,0,0,0,0,0,0,0,0,0,0,0,0,0,2,0,0,0,0,0,0,0,0,0,0,0,0,0,0,1,0,0,0,0,0,0,0,0,0,0,0,0,0,0,0,0,0,0,0,0,2,0,0,0,0,0,0,0,0,5691103,5130138
D4,59,Osceola,2010,5904625,"PACINO'S ITALIAN RISTORANTE","5795 W IRLO BRONSON",KISSIMMEE,347464748,2295838,2,Food,"Routine - Food","Call Back - Complied",9/27/2013,,,14,0,6,8,Y,0,0,1,0,0,0,0,1,0,0,0,0,0,2,0,0,0,0,0,0,0,5,2,0,0,0,0,0,0,0,0,0,0,0,0,3,0,0,0,0,0,0,0,0,0,0,0,0,0,0,0,0,0,0,0,0,0,0,2218924,5130607
D4,59,Osceola,2010,5905820,"ROYAL CELEBRATION BREAKFAST","4944 W IRLO BRONSON MEMORIAL HWY",KISSIMMEE,34746,2292911,1,Food,"Routine - Food","Inspection Completed - No Further Action",9/27/2013,,,2,0,1,1,Y,0,0,0,0,0,0,0,0,0,0,0,0,0,0,0,0,0,0,0,0,0,2,0,0,0,0,0,0,0,0,0,0,0,0,0,0,0,0,0,0,0,0,0,0,0,0,0,0,0,0,0,0,0,0,0,0,0,0,3194746,4968558
D4,59,Osceola,2010,5910379,"EL NUEVO SABOR DOMINICANO","1150 E DONEGAN AVE",KISSIMMEE,34744,2372510,2,Food,"Routine - Food","Call Back - Admin. complaint recommended",9/27/2013,,,0,0,0,0,N,0,0,0,0,0,0,0,0,0,0,0,0,0,0,0,0,0,0,0,0,0,0,0,0,0,0,0,0,0,0,0,0,0,0,0,0,0,0,0,0,0,0,0,0,0,0,0,0,0,0,0,0,0,0,0,0,0,0,5705381,5157182
D4,59,Osceola,2010,5910903,"GRANDMA'S KITCHEN","2925 VINELAND RD",KISSIMMEE,34746,2317040,2,Food,"Routine - Food","Call Back - Complied",9/27/2013,,,0,0,0,0,Y,0,0,0,0,0,0,0,0,0,0,0,0,0,0,0,0,0,0,0,0,0,0,0,0,0,0,0,0,0,0,0,0,0,0,0,0,0,0,0,0,0,0,0,0,0,0,0,0,0,0,0,0,0,0,0,0,0,0,4173530,5101207
D4,59,Osceola,2010,5910963,"HWY 192 COMMISSARY","5795 W IRLO BRONSON",KISSIMMEE,34746,2327627,1,Food,"Routine - Food","Inspection Completed - No Further Action",9/27/2013,,,0,0,0,0,Y,0,0,0,0,0,0,0,0,0,0,0,0,0,0,0,0,0,0,0,0,0,0,0,0,0,0,0,0,0,0,0,0,0,0,0,0,0,0,0,0,0,0,0,0,0,0,0,0,0,0,0,0,0,0,0,0,0,0,3230855,5018315
D4,59,Osceola,2010,5910970,"SUBWAY #37770","4400 13TH STREET","ST. CLOUD",34769,2324925,1,Food,"Routine - Food","Inspection Completed - No Further Action",9/27/2013,,,1,0,0,1,Y,0,0,0,0,0,0,0,0,0,0,0,0,0,0,0,0,0,0,0,0,0,0,0,0,0,0,0,0,0,0,0,0,0,0,0,1,0,0,0,0,0,0,0,0,0,0,0,0,0,0,0,0,0,0,0,0,0,0,3255996,5014769
D4,59,Osceola,2010,5911012,"HOUSE OF CHINA","3376 W SOUTHPORT RD",KISSIMMEE,34746,2370410,1,Food,"Complaint Full","Warning Issued",9/27/2013,,,17,0,5,12,Y,0,1,0,0,0,1,0,1,0,1,0,1,0,1,0,0,0,0,0,0,0,4,3,0,0,0,0,0,0,0,1,0,0,0,1,2,0,0,0,0,0,0,0,0,0,0,0,0,0,0,0,0,0,0,0,0,0,0,4195175,5130962
D4,59,Osceola,2010,5911243,"HIGH FIVE YOUR LIFE","4609 OLD CANOE CREEK RD.","ST. CLOUD",34769,2296768,1,Food,"Routine - Food","Inspection Completed - No Further Action",9/27/2013,,,0,0,0,0,Y,0,0,0,0,0,0,0,0,0,0,0,0,0,0,0,0,0,0,0,0,0,0,0,0,0,0,0,0,0,0,0,0,0,0,0,0,0,0,0,0,0,0,0,0,0,0,0,0,0,0,0,0,0,0,0,0,0,0,4255070,4973736
D4,59,Osceola,2010,5911275,"DUNKIN' DONUTS 307800","4004 13 ST","ST. CLOUD",34769,2317705,1,Food,"Routine - Food","Inspection Completed - No Further Action",9/27/2013,,,1,1,0,0,Y,0,0,0,0,0,0,0,0,0,0,0,0,0,0,0,0,0,0,0,0,0,0,0,0,0,0,0,0,0,0,0,0,0,0,0,0,0,0,0,0,1,0,0,0,0,0,0,0,0,0,0,0,0,0,0,0,0,0,4418805,5004166
D4,66,"St. Lucie",2010,6600462,"BURGER KING 2291","2410 OKEECHOBEE RD","FORT PIERCE",34950,2369936,2,Food,"Food-Licensing Inspection","Inspection Completed - No Further Action",9/27/2013,,,1,0,0,1,Y,0,0,0,0,0,0,0,1,0,0,0,0,0,0,0,0,0,0,0,0,0,0,0,0,0,0,0,0,0,0,0,0,0,0,0,0,0,0,0,0,0,0,0,0,0,0,0,0,0,0,0,0,0,0,0,0,0,0,5670115,5132315
D4,66,"St. Lucie",2010,6602453,"GUADALAJARA MEXICAN REST","1702 DELAWARE AVE","FT PIERCE",34950,2276395,2,Food,"Routine - Food","Call Back - Complied",9/27/2013,,,4,0,2,2,Y,0,0,0,0,0,0,0,0,0,0,0,0,0,0,0,1,0,0,0,0,0,0,0,0,0,0,0,0,0,0,0,0,0,0,0,1,0,0,0,0,0,0,0,0,0,0,0,0,0,1,0,0,1,0,0,0,0,0,2247451,4938278
D4,66,"St. Lucie",2010,6602940,"LENZI DINER","800 VIRGINA AVE","FORT PIERCE",34946,2350940,1,Food,"Routine - Food","Inspection Completed - No Further Action",9/27/2013,,,7,1,2,4,Y,0,0,1,0,0,0,0,0,0,0,0,1,1,0,0,0,0,0,0,0,0,0,1,0,0,0,0,0,0,0,1,0,0,0,0,0,0,0,0,0,0,1,0,0,0,0,0,0,0,0,0,0,1,0,0,0,0,0,5309717,5051468
D4,69,Seminole,2010,6900795,"WENDY'S INTERNATIONAL #3560","386 HWY 436",CASSELBERRY,32707,2313494,1,Food,"Routine - Food","Inspection Completed - No Further Action",9/27/2013,,,7,3,2,2,Y,0,0,2,0,0,0,0,0,0,0,0,2,0,0,0,0,0,0,0,0,0,1,0,0,0,0,0,0,0,0,0,0,0,0,1,0,0,0,0,0,0,0,0,0,0,0,0,0,0,0,0,0,1,0,0,0,0,0,2591904,4998445
D4,69,Seminole,2010,6900895,DENNY'S,"198 E SEMORAN BLVD",CASSELBERRY,32707,2299313,1,Food,"Routine - Food","Inspection Completed - No Further Action",9/27/2013,,,4,2,0,2,Y,0,0,2,0,0,0,0,0,0,0,0,0,0,1,0,0,0,0,0,0,1,0,0,0,0,0,0,0,0,0,0,0,0,0,0,0,0,0,0,0,0,0,0,0,0,0,0,0,0,0,0,0,0,0,0,0,0,0,5401236,4977325
D4,69,Seminole,2010,6903347,"STEAK N SHAKE #272","4325 N LAKE MARY BLVD","LAKE MARY",327462448,2370580,1,Food,"Complaint Full","Inspection Completed - No Further Action",9/27/2013,,,5,0,1,4,Y,0,0,0,0,0,0,0,0,0,0,0,0,0,0,0,1,0,0,0,0,0,2,1,0,0,0,0,0,0,0,0,0,0,0,0,0,0,0,0,0,0,1,0,0,0,0,0,0,0,0,0,0,0,0,0,0,0,0,2251480,5132326
D4,69,Seminole,2010,6903802,"GATOR'S DOCKSIDE","4349 W LAKE MARY BLVD","LAKE MARY",32746,2312984,1,Food,"Routine - Food","Inspection Completed - No Further Action",9/27/2013,,,5,0,2,3,Y,0,0,0,0,0,0,0,0,0,0,0,0,0,0,0,0,0,0,0,0,0,2,0,0,0,0,0,1,0,0,1,0,0,0,0,1,0,0,0,0,0,0,0,0,0,0,0,0,0,0,0,0,0,0,0,0,0,0,2251904,4997733
D4,69,Seminole,2013,6903939,"SAVORY SENSATIONS","970 SUNSHINE LANE STE C","ALTAMONTE SPRINGS",32714,1100085,1,Food,"Routine - Food","Inspection Completed - No Further Action",9/27/2013,,,2,1,0,1,Y,0,0,0,0,0,0,0,0,0,0,0,0,0,1,0,0,0,0,0,0,0,0,0,0,0,0,0,0,1,0,0,0,0,0,0,0,0,0,0,0,0,0,0,0,0,0,0,0,0,0,0,0,0,0,0,0,0,0,4117912,5032824
D4,69,Seminole,2010,6904469,"CHOPSTIX INC OF JADE","4300 W LAKE MARY BLVD STE 1020","LAKE MARY",32746,2310921,1,Food,"Routine - Food","Inspection Completed - No Further Action",9/27/2013,,,7,2,2,3,Y,0,0,0,0,0,0,0,1,0,0,0,0,0,2,0,1,0,0,0,0,0,0,1,0,0,0,0,0,0,0,0,0,0,0,0,0,0,0,0,0,1,0,0,0,0,0,0,0,0,0,0,0,1,0,0,0,0,0,5560782,4994543
D4,69,Seminole,2010,6904731,"WING ZONE","3801 W LAKE MARY BLVD","LAKE MARY",32746,2326290,2,Food,"Routine - Food","Call Back - Complied",9/27/2013,,,0,0,0,0,Y,0,0,0,0,0,0,0,0,0,0,0,0,0,0,0,0,0,0,0,0,0,0,0,0,0,0,0,0,0,0,0,0,0,0,0,0,0,0,0,0,0,0,0,0,0,0,0,0,0,0,0,0,0,0,0,0,0,0,3740804,5100166
D4,69,Seminole,2010,6904732,"PAPA JOHN'S USA #472","4300 W LAKE MARY BLVD STE 1060","LAKE MARY",32746,2315414,1,Food,"Routine - Food","Inspection Completed - No Further Action",9/27/2013,,,2,0,1,1,Y,0,0,0,0,0,0,0,0,0,0,0,0,0,0,0,0,0,0,0,0,0,1,0,0,0,0,0,0,0,0,0,0,0,0,0,1,0,0,0,0,0,0,0,0,0,0,0,0,0,0,0,0,0,0,0,0,0,0,3741112,5001181
D4,69,Seminole,2010,6904760,"QDOBA MEXICAN GRILL","380 S SR 434 SPACE A06","ALTAMONTE SPRINGS",32714,2337161,1,Food,"Routine - Food","Inspection Completed - No Further Action",9/27/2013,,,10,2,0,8,Y,0,0,0,0,0,0,0,2,0,1,0,0,0,4,0,0,0,0,0,0,0,0,0,0,1,0,0,0,0,0,0,0,0,0,1,1,0,0,0,0,0,0,0,0,0,0,0,0,0,0,0,0,0,0,0,0,0,0,3837702,5032085
D4,69,Seminole,2010,6904847,"C F EATERY","1000 PRIMERA BLVD","LAKE MARY",32746,2348929,1,Food,"Routine - Food","Inspection Completed - No Further Action",9/27/2013,,,1,0,0,1,Y,0,0,0,0,0,0,0,0,0,0,0,0,0,1,0,0,0,0,0,0,0,0,0,0,0,0,0,0,0,0,0,0,0,0,0,0,0,0,0,0,0,0,0,0,0,0,0,0,0,0,0,0,0,0,0,0,0,0,4213657,5048647
D4,69,Seminole,2010,6904986,"B&B CARIBBEAN RESTAURANT","1349 ALTAMONTE DR","ALTAMONTE SPRINGS",32701,2363152,1,Food,"Routine - Food","Warning Issued",9/27/2013,,,9,3,2,4,Y,0,0,2,0,0,0,0,0,0,1,0,1,0,0,0,0,0,0,0,0,2,0,0,0,0,0,0,0,0,0,0,0,0,0,0,1,0,0,0,0,1,0,0,0,0,0,0,0,0,0,0,0,1,0,0,0,0,0,5497858,5068769
D4,69,Seminole,2010,6905007,"WORLD OF BEER - ALTAMONTE SPRINGS","155 CRANES ROOST BLVD STE 1150","ALTAMONTE SPRINGS",32701,2274410,1,Food,"Food-Licensing Inspection","Inspection Completed - No Further Action",9/27/2013,,,7,0,3,4,Y,0,0,0,0,0,0,0,0,0,0,0,0,0,0,0,1,0,0,0,0,0,0,0,0,0,0,0,0,1,0,2,1,0,0,0,0,0,0,0,0,1,0,0,0,0,0,0,0,0,0,1,0,0,0,0,0,0,0,5603995,4930164
D4,74,Volusia,2010,7403792,SUBWAY,"1922 SR 44","NEW SMYRNA BEACH",32168,2336307,1,Food,"Routine - Food","Inspection Completed - No Further Action",9/27/2013,,,1,0,0,1,Y,0,0,0,0,1,0,0,0,0,0,0,0,0,0,0,0,0,0,0,0,0,0,0,0,0,0,0,0,0,0,0,0,0,0,0,0,0,0,0,0,0,0,0,0,0,0,0,0,0,0,0,0,0,0,0,0,0,0,2254572,5030986
D4,74,Volusia,2010,7403939,"HOLIDAY INN EXPRESS & SUITES","3301 S ATLANTIC AVENUE","DAYTONA BEACH",32118,2286730,1,Food,"Routine - Food","Inspection Completed - No Further Action",9/27/2013,,,9,2,4,3,Y,0,0,1,0,2,0,0,0,0,0,0,0,0,0,0,2,0,0,0,0,0,1,0,0,0,0,0,0,0,0,0,0,0,0,0,0,0,0,0,0,0,0,0,0,0,0,0,0,0,0,1,0,2,0,0,0,0,0,4342583,4959407
D4,74,Volusia,2010,7404145,"FAMOUS PHILLY'S BEEF & BEER","5901 S RIDGEWOOD AVE","PORT ORANGE",32127,2302703,3,Food,"Routine - Food","Call Back - Admin. complaint recommended",9/27/2013,,,12,0,5,7,Y,0,0,0,0,0,0,0,0,0,1,1,0,0,2,0,0,0,0,0,0,0,1,1,0,1,0,1,0,0,0,0,0,0,0,0,1,0,0,0,0,0,0,0,0,0,0,0,0,0,0,0,0,3,0,0,0,0,0,2254648,5101919
D4,74,Volusia,2010,7404426,"SUBWAY #3867","2429 N ATLANTIC AVE","DAYTONA BEACH",32118,2298019,1,Food,"Routine - Food","Inspection Completed - No Further Action",9/27/2013,,,6,0,1,5,Y,0,0,0,0,0,0,0,0,0,1,0,1,0,0,0,0,0,0,0,0,0,1,2,1,0,0,0,0,0,0,0,0,0,0,0,0,0,0,0,0,0,0,0,0,0,0,0,0,0,0,0,0,0,0,0,0,0,0,5326332,4975508
D4,74,Volusia,2010,7404860,"MAMA MIA'S ITALIAN GRILL & PIZZERIA INC","3761 S NOVA RD #N","PORT ORANGE",32127,2306883,1,Food,"Routine - Food","Inspection Completed - No Further Action",9/27/2013,,,11,7,1,3,Y,0,0,4,0,1,0,0,2,0,0,0,0,0,0,0,0,0,0,0,0,0,1,0,0,1,0,0,0,0,0,1,0,0,0,1,0,0,0,0,0,0,0,0,0,0,0,0,0,0,0,0,0,0,0,0,0,0,0,4157236,4988940
D4,74,Volusia,2010,7404961,"CHINA KING","1235 J PROVIDENCE BLVD",DELTONA,327257363,2370351,2,Food,"Complaint Full","Call Back - Complied",9/27/2013,,,3,0,0,3,Y,0,0,0,0,0,0,0,0,0,0,0,0,0,1,0,0,0,0,0,0,1,0,0,0,0,0,0,0,0,0,0,0,0,0,0,1,0,0,0,0,0,0,0,0,0,0,0,0,0,0,0,0,0,0,0,0,0,0,2254820,5131854
D4,74,Volusia,2010,7405169,MCDONALDS,"2190 HOWLAND BLVD",DELTONA,327383457,2302602,1,Food,"Routine - Food","Inspection Completed - No Further Action",9/27/2013,,,4,0,0,4,Y,0,0,0,0,0,0,0,0,0,0,0,0,0,0,0,0,0,0,0,0,0,0,1,0,1,0,0,0,0,0,0,0,1,0,0,0,0,0,0,0,0,0,0,0,0,0,0,0,0,0,1,0,0,0,0,0,0,0,2254921,4983075
D4,74,Volusia,2010,7405384,"CHASES BEACHFRONT BAR & RESTAURANT","3401 S ATLANTIC AVE","NEW SMYRNA BEACH",32169,2358550,1,Food,"Routine - Food","Inspection Completed - No Further Action",9/27/2013,,,10,4,1,5,Y,0,0,2,0,0,0,0,0,0,0,0,0,0,2,0,0,0,0,0,0,0,1,2,1,0,0,0,0,0,0,0,0,0,0,1,0,0,0,0,0,1,0,0,0,0,0,0,0,0,0,0,0,0,0,0,0,0,0,3976600,5062340
D4,74,Volusia,2010,7405387,"LITTLE CAESAR #4056","1682 PROVIDENCE BLVD #3&4",DELTONA,327254961,2291910,1,Food,"Routine - Food","Inspection Completed - No Further Action",9/27/2013,,,5,0,0,5,Y,0,0,0,0,0,0,0,0,0,0,0,0,0,1,0,0,0,0,0,0,0,0,1,0,0,0,0,0,0,0,0,0,0,0,0,2,0,0,0,0,1,0,0,0,0,0,0,0,0,0,0,0,0,0,0,0,0,0,2255060,4967088
D4,74,Volusia,2010,7405733,"HOLIDAY INN","930 N ATLANTIC AVE","DAYTONA BCH",32118,2307956,1,Food,"Routine - Food","Inspection Completed - No Further Action",9/27/2013,,,11,2,0,9,Y,0,0,2,0,1,0,0,0,0,0,0,0,0,1,0,0,0,0,0,0,1,0,0,0,0,0,0,0,1,0,1,0,0,0,1,2,0,0,0,1,0,0,0,0,0,0,0,0,0,0,0,0,0,0,0,0,0,0,2255378,4990511
D4,74,Volusia,2010,7406067,"MARIA BONITA'S","1784 S RIDGEWOOD AVE","S DAYTONA BCH",32119,2303069,3,Food,"Routine - Food","Call Back - Complied",9/27/2013,,,3,0,0,3,Y,0,0,0,0,0,0,0,0,0,0,0,0,0,1,0,0,0,0,0,0,0,0,0,0,0,0,0,0,0,0,0,0,0,0,1,1,0,0,0,0,0,0,0,0,0,0,0,0,0,0,0,0,0,0,0,0,0,0,2778214,5131867
D4,74,Volusia,2010,7406193,"BEEF O BRADY'S","2160 HOWLAND BLVD STE 104",DELTONA,32738,2370518,1,Food,"Complaint Full","Inspection Completed - No Further Action",9/27/2013,,,4,0,0,4,Y,0,0,0,0,0,0,0,0,0,0,0,0,0,0,0,0,0,0,0,0,0,0,2,0,0,0,0,0,0,0,0,0,0,0,1,0,0,0,0,0,0,0,0,0,0,0,0,0,0,1,0,0,0,0,0,0,0,0,4223119,5131985
D4,74,Volusia,2010,7406984,DIFFERENCE,"4058 RIDGEWOOD AVE","PORT ORANGE",32127,2342594,1,Food,"Routine - Food","Inspection Completed - No Further Action",9/27/2013,,,7,3,0,4,Y,0,1,1,0,0,0,0,2,0,0,0,0,0,0,0,0,0,0,0,0,1,0,1,0,0,0,0,0,0,0,0,0,0,0,0,0,0,0,0,0,1,0,0,0,0,0,0,0,0,0,0,0,0,0,0,0,0,0,5538567,5039614
D4,74,Volusia,2014,7450606,"THE SWAT TRUCK MFT LLC","1430 FELTON ST",DELTONA,32725,1170366,1,Food,"Routine - Food","Inspection Completed - No Further Action",9/27/2013,,,5,0,1,4,Y,0,0,0,0,1,0,0,0,0,0,0,0,0,1,0,0,0,0,0,0,0,0,0,0,0,0,0,0,0,0,0,0,0,0,0,0,0,0,0,0,0,0,0,0,0,0,0,0,0,2,1,0,0,0,0,0,0,0,5569022,5054957
D4,74,Volusia,2014,7450611,"GORILLA GURT","2055 S RIDGEWOOD","SOUTH DAYTONA",32119,1169614,1,Food,"Routine - Food","Inspection Completed - No Further Action",9/27/2013,,,0,0,0,0,Y,0,0,0,0,0,0,0,0,0,0,0,0,0,0,0,0,0,0,0,0,0,0,0,0,0,0,0,0,0,0,0,0,0,0,0,0,0,0,0,0,0,0,0,0,0,0,0,0,0,0,0,0,0,0,0,0,0,0,5599421,5039941
D4,15,Brevard,2010,1503865,CRICKET'S,"1942 WICKHAM RD",MELBOURNE,329358106,2300664,1,Food,"Routine - Food","Inspection Completed - No Further Action",9/30/2013,,,11,1,3,7,Y,0,1,0,0,0,0,0,2,0,0,0,0,0,1,0,0,0,0,0,0,0,0,0,1,0,0,0,0,0,0,3,0,0,0,0,1,0,2,0,0,0,0,0,0,0,0,0,0,0,0,0,0,0,0,0,0,0,0,2134904,4979308
D4,15,Brevard,2010,1504119,"FRIENDLY TOAST CAFE 2","380 N WICKHAM RD",MELBOURNE,32935,2289293,2,Food,"Routine - Food","Call Back - Complied",9/30/2013,,,4,1,0,3,Y,0,0,0,0,0,0,0,0,0,1,0,1,0,0,0,1,0,0,0,0,0,0,0,0,0,0,0,0,0,0,0,1,0,0,0,0,0,0,0,0,0,0,0,0,0,0,0,0,0,0,0,0,0,0,0,0,0,0,5510676,5102547
D4,15,Brevard,2010,1504595,"SWISS INN & TENNIS CTR (THE)","3220 S FISKE BLVD",ROCKLEDGE,329554308,2311452,1,Food,"Routine - Food","Inspection Completed - No Further Action",9/30/2013,,,0,0,0,0,Y,0,0,0,0,0,0,0,0,0,0,0,0,0,0,0,0,0,0,0,0,0,0,0,0,0,0,0,0,0,0,0,0,0,0,0,0,0,0,0,0,0,0,0,0,0,0,0,0,0,0,0,0,0,0,0,0,0,0,2135293,4995345
D4,15,Brevard,2010,1504710,"MCDONALD'S #18922","4305 W MAIN ST",MIMS,32754,2370519,1,Food,"Complaint Full","Inspection Completed - No Further Action",9/30/2013,,,3,1,0,2,Y,0,0,0,0,1,0,0,0,0,0,0,1,0,0,0,0,0,0,0,0,0,0,1,0,0,0,0,0,0,0,0,0,0,0,0,0,0,0,0,0,0,0,0,0,0,0,0,0,0,0,0,0,0,0,0,0,0,0,3584773,5131986
D4,15,Brevard,2010,1504927,"QUILLENS TACO SHACK","1090 GARDEN ST",TITUSVILLE,32796,2331533,2,Food,"Routine - Food","Call Back - Complied",9/30/2013,,,4,0,0,4,Y,0,0,0,0,0,0,0,0,0,0,0,0,0,0,0,0,0,0,0,0,0,0,1,0,0,0,0,0,0,0,0,1,0,0,0,2,0,0,0,0,0,0,0,0,0,0,0,0,0,0,0,0,0,0,0,0,0,0,5473554,5131833
D4,15,Brevard,2010,1505023,"DUSTINS BAR B Q","411 N WICKHAM RD",MELBOURNE,32935,2343058,1,Food,"Routine - Food","Inspection Completed - No Further Action",9/30/2013,,,7,0,4,3,Y,0,0,0,0,0,0,0,1,0,0,0,0,0,0,0,1,0,0,0,0,0,1,0,0,0,0,1,0,0,0,1,0,0,0,0,0,0,0,0,1,1,0,0,0,0,0,0,0,0,0,0,0,0,0,0,0,0,0,2135691,5040317
D4,15,Brevard,2010,1505163,"BEST WESTERN COCOA INN","4225 W KING ST",COCOA,32926,2294295,1,Food,"Routine - Food","Inspection Completed - No Further Action",9/30/2013,,,2,0,1,1,Y,0,0,0,0,1,0,0,0,0,0,0,0,0,0,0,0,0,0,0,0,0,0,0,0,0,0,0,0,0,0,1,0,0,0,0,0,0,0,0,0,0,0,0,0,0,0,0,0,0,0,0,0,0,0,0,0,0,0,3814964,4970429
D4,15,Brevard,2010,1505601,"CHILIN CHINESE FOOD","2137 NORTH COURTENAY PARKWAY #35","MERRITT ISLAND",32953,2281450,2,Food,"Routine - Food","Call Back - Complied",9/30/2013,,,3,0,0,3,Y,0,0,0,0,0,0,0,1,0,0,0,0,0,1,0,0,0,0,0,0,0,0,0,0,0,0,0,0,0,0,0,0,0,0,1,0,0,0,0,0,0,0,0,0,0,0,0,0,0,0,0,0,0,0,0,0,0,0,2431546,5101775
D4,15,Brevard,2010,1505601,"CHILIN CHINESE FOOD","2137 NORTH COURTENAY PARKWAY #35","MERRITT ISLAND",32953,2281449,1,Food,"Routine - Food","Inspection Completed - No Further Action",9/30/2013,,,6,1,1,4,Y,0,0,0,0,0,0,0,2,0,0,0,0,0,1,0,0,0,0,0,0,0,0,0,0,0,0,0,0,0,0,1,0,0,0,1,1,0,0,0,0,0,0,0,0,0,0,0,0,0,0,0,0,0,0,0,0,0,0,2431546,4952061
D4,15,Brevard,2010,1505604,"FIESTA AZTECA","850 NORTH WICKHAM ROAD",MELBOURNE,32935,2303015,1,Food,"Routine - Food","Warning Issued",9/30/2013,,,12,1,6,5,Y,0,1,1,0,1,0,0,1,0,1,0,1,0,1,0,0,0,0,0,0,0,0,0,1,0,0,0,0,0,0,3,0,0,0,0,0,0,0,0,0,0,0,0,0,0,0,0,0,0,0,0,0,1,0,0,0,0,0,2438164,4983665
D4,15,Brevard,2010,1505795,"COCOA BEACH SURF COMPANY BAR & GRILL","4001 N. ATLANTIC AVE.","COCOA BEACH",32931,2356168,1,Food,"Routine - Food","Warning Issued",9/30/2013,,,28,5,10,13,Y,2,1,1,0,0,0,0,2,0,3,0,0,0,2,0,1,0,0,0,0,1,6,2,2,0,0,0,0,0,0,2,0,0,0,0,1,0,0,0,0,1,0,0,0,0,0,0,0,0,0,1,0,0,0,0,0,0,0,2960282,5059111
D4,15,Brevard,2010,1506151,"PAPA JOHN'S PIZZA #488","1070 N WICKHAM RD",MELBOURNE,32935,2337287,1,Food,"Routine - Food","Warning Issued",9/30/2013,,,6,0,1,5,Y,0,0,0,0,0,0,0,1,0,1,0,1,0,1,0,0,0,0,0,0,0,0,0,0,0,0,0,0,0,0,0,0,0,0,1,0,0,0,0,0,0,0,0,0,0,0,0,0,0,0,0,0,1,0,0,0,0,0,3961675,5032240
D4,15,Brevard,2010,1506153,"GARDEN PALMS","3480 GARDEN STREET",TITUSVILLE,32796,2358563,1,Food,"Routine - Food","Inspection Completed - No Further Action",9/30/2013,,,0,0,0,0,Y,0,0,0,0,0,0,0,0,0,0,0,0,0,0,0,0,0,0,0,0,0,0,0,0,0,0,0,0,0,0,0,0,0,0,0,0,0,0,0,0,0,0,0,0,0,0,0,0,0,0,0,0,0,0,0,0,0,0,3976028,5062359
D4,15,Brevard,2010,1506300,"VICTORY CASINO CRUISES VICTORY I","180 CHRISTOPHER COLUMBUS DR","CAPE CANAVERAL",32920,2360288,1,Food,"Routine - Food","Inspection Completed - No Further Action",9/30/2013,,,11,1,0,10,Y,0,0,0,0,0,0,0,1,0,0,0,0,1,1,0,1,0,0,0,0,0,0,0,1,1,0,0,1,1,0,0,0,0,0,0,2,0,0,0,0,0,0,0,0,0,0,0,0,0,0,1,0,0,0,0,0,0,0,4412432,5064679
D4,15,Brevard,2010,1506301,"VICTORY CASINO CRUISES VICTORY I ALA CARTE","180 CHRISTOPHER COLUMBUS DR","CAPE CANAVERAL",32920,2328486,1,Food,"Routine - Food","Inspection Completed - No Further Action",9/30/2013,,,4,0,2,2,Y,0,0,0,0,0,0,0,0,0,0,0,0,0,0,0,0,0,0,0,0,0,2,2,0,0,0,0,0,0,0,0,0,0,0,0,0,0,0,0,0,0,0,0,0,0,0,0,0,0,0,0,0,0,0,0,0,0,0,4412442,5019541
D4,15,Brevard,2014,1550522,"RINEBOI SOUL AND GRILL","2646 HARRY T MOORE AVE",MIMS,32754,1169534,1,Food,"Routine - Food","Inspection Completed - No Further Action",9/30/2013,,,0,0,0,0,Y,0,0,0,0,0,0,0,0,0,0,0,0,0,0,0,0,0,0,0,0,0,0,0,0,0,0,0,0,0,0,0,0,0,0,0,0,0,0,0,0,0,0,0,0,0,0,0,0,0,0,0,0,0,0,0,0,0,0,5274278,5039364
D4,41,"Indian River",2010,4101118,"AY JALISCO","465 21 ST","VERO BCH",32960,2280347,1,Food,"Routine - Food","Inspection Completed - No Further Action",9/30/2013,,,6,0,2,4,Y,0,0,0,0,0,0,0,0,0,1,0,0,0,0,0,2,0,0,0,0,0,0,1,0,0,0,0,0,0,0,1,0,0,0,0,0,0,0,0,0,0,0,0,0,0,0,0,0,0,0,0,0,1,0,0,0,0,0,2191308,4950393
D4,41,"Indian River",2010,4101118,"AY JALISCO","465 21 ST","VERO BCH",32960,2280348,3,Food,"Routine - Food","Call Back - Admin. complaint recommended",9/30/2013,,,3,0,1,2,Y,0,0,0,0,0,0,0,0,0,0,0,0,0,0,0,1,0,0,0,0,0,0,1,0,0,0,0,0,0,0,0,0,0,0,0,0,0,0,0,0,0,0,0,0,0,0,0,0,0,0,0,0,1,0,0,0,0,0,2191308,5102577
D4,41,"Indian River",2010,4105162,"THE CLUB AT POINTE WEST","7500 14 LN","VERO BEACH",32966,2330106,1,Food,"Routine - Food","Inspection Completed - No Further Action",9/30/2013,,,5,0,1,4,Y,0,0,0,0,0,0,0,0,0,0,0,0,0,3,0,0,0,0,0,0,0,1,1,0,0,0,0,0,0,0,0,0,0,0,0,0,0,0,0,0,0,0,0,0,0,0,0,0,0,0,0,0,0,0,0,0,0,0,5320445,5021810
D4,41,"Indian River",2010,4105276,"MIRANDA'S SUBS & BAKERY","692 21ST STREET","VERO BEACH",32960,2289614,1,Food,"Routine - Food","Inspection Completed - No Further Action",9/30/2013,,,4,0,1,3,Y,0,0,0,0,0,0,0,0,0,0,0,0,1,1,0,0,0,0,0,0,0,0,0,0,0,0,0,0,0,0,1,0,0,0,0,1,0,0,0,0,0,0,0,0,0,0,0,0,0,0,0,0,0,0,0,0,0,0,5482999,4963448
D4,41,"Indian River",2010,4105276,"MIRANDA'S SUBS & BAKERY","692 21ST STREET","VERO BEACH",32960,2289613,2,Food,"Routine - Food","Call Back - Complied",9/30/2013,,,1,0,1,0,Y,0,0,0,0,0,0,0,0,0,0,0,0,0,0,0,0,0,0,0,0,0,1,0,0,0,0,0,0,0,0,0,0,0,0,0,0,0,0,0,0,0,0,0,0,0,0,0,0,0,0,0,0,0,0,0,0,0,0,5482999,5101730
D4,45,Lake,2010,4502143,"HUNGRY HOWIES PIZZA & SUBS","841 S HWY 27/441","S LADY LAKE",32159,2305073,1,Food,"Routine - Food","Inspection Completed - No Further Action",9/30/2013,,,5,1,2,2,Y,0,0,1,0,0,0,0,0,0,0,0,0,0,1,0,0,0,0,0,0,0,2,1,0,0,0,0,0,0,0,0,0,0,0,0,0,0,0,0,0,0,0,0,0,0,0,0,0,0,0,0,0,0,0,0,0,0,0,2193368,4986566
D4,45,Lake,2010,4502267,"MICROTEL INN & SUITE","850 S US HWY 27/441","LADY LAKE",32159,2348969,1,Food,"Routine - Food","Inspection Completed - No Further Action",9/30/2013,,,2,1,0,1,Y,0,0,0,0,0,0,0,0,0,0,0,0,0,0,0,0,0,0,0,0,0,1,0,0,0,0,0,0,0,0,0,0,0,0,0,0,0,0,0,0,1,0,0,0,0,0,0,0,0,0,0,0,0,0,0,0,0,0,4218419,5048687
D4,45,Lake,2010,4502367,"NEW CHINA BUFFET","304 W ARDICE AVENUE",EUSTIS,32726,2286166,1,Food,"Routine - Food","Warning Issued",9/30/2013,,,6,1,4,1,Y,0,1,0,0,0,0,0,1,0,0,0,0,0,0,0,0,0,0,0,0,0,0,0,0,0,0,0,0,0,0,2,0,0,0,0,0,0,0,0,0,1,0,0,0,0,0,0,0,0,0,1,0,0,0,0,0,0,0,4338958,4958587
D4,45,Lake,2010,4508378,"BURGERS FRIES N DOGS","10401 HWY 441 UNIT 82",LEESBURG,34788,2341748,2,Food,"Routine - Food","Call Back - Complied",9/30/2013,,,0,0,0,0,Y,0,0,0,0,0,0,0,0,0,0,0,0,0,0,0,0,0,0,0,0,0,0,0,0,0,0,0,0,0,0,0,0,0,0,0,0,0,0,0,0,0,0,0,0,0,0,0,0,0,0,0,0,0,0,0,0,0,0,5510428,5115121
D4,45,Lake,2010,4508590,"COLONIAL TAVERN INN","2060 S BAY ST",EUSTIS,32726,2370692,1,Food,"Routine - Food","Warning Issued",9/30/2013,,,5,0,1,4,Y,0,0,0,0,0,0,0,0,0,0,0,0,0,0,0,0,0,0,0,0,1,0,0,0,1,0,0,0,0,0,1,0,0,0,0,0,0,0,0,0,0,1,0,0,0,1,0,0,0,0,0,0,1,0,0,0,0,0,5500473,5133564
D4,58,Orange,2010,5801497,"GRAND BALLROOM","6515 INTERNATIONAL DR",ORLANDO,32819,2306103,1,Food,"Routine - Food","Inspection Completed - No Further Action",9/30/2013,,,6,0,5,1,Y,0,0,0,0,0,0,0,0,0,0,0,0,0,0,0,0,0,0,0,0,0,1,1,0,0,0,2,0,0,0,2,0,0,0,0,0,0,0,0,0,0,0,0,0,0,0,0,0,0,0,0,0,0,0,0,0,0,0,4134284,4987901
D4,58,Orange,2010,5801663,"INTERNATIONAL PALMS RESORT POOL HUT","6515 INTERNATIONAL DR",ORLANDO,32819,2306087,1,Food,"Routine - Food","Inspection Completed - No Further Action",9/30/2013,,,2,0,1,1,Y,0,0,0,0,0,0,0,1,0,0,0,0,0,0,0,0,0,0,0,0,0,1,0,0,0,0,0,0,0,0,0,0,0,0,0,0,0,0,0,0,0,0,0,0,0,0,0,0,0,0,0,0,0,0,0,0,0,0,4134292,4987877
D4,58,Orange,2010,5801868,"MCDONALDS #3007","3713 MCCOY RD",ORLANDO,328124106,2354839,1,Food,"Routine - Food","Inspection Completed - No Further Action",9/30/2013,,,13,4,4,5,Y,0,0,1,0,0,0,0,1,1,0,0,0,0,0,0,1,0,0,0,0,1,2,0,1,1,0,0,0,1,0,2,0,0,0,1,0,0,0,0,0,0,0,0,0,0,0,0,0,0,0,0,0,0,0,0,0,0,0,2208578,5057212
D4,58,Orange,2010,5802355,"FULTON'S CRAB HOUSE","1670 BUENA VISTA DR","LAKE BUENA VISTA",32830,2370589,1,Food,"Complaint Full","Inspection Completed - No Further Action",9/30/2013,,,6,2,0,4,Y,0,0,2,0,0,0,0,1,0,0,0,0,0,1,0,0,0,0,0,0,1,0,0,0,0,0,0,0,0,0,0,0,0,0,0,0,0,0,0,0,1,0,0,0,0,0,0,0,0,0,0,0,0,0,0,0,0,0,2208770,5132508
D4,58,Orange,2010,5802356,"FULTON'S CRAB HOUSE STONE CRAB","1670 BUENA VISTA DR","LAKE BUENA VISTA",32830,2344180,1,Food,"Routine - Food","Inspection Completed - No Further Action",9/30/2013,,,3,0,2,1,Y,0,0,0,0,0,0,0,0,0,1,0,0,0,0,0,0,0,0,0,0,0,2,0,0,0,0,0,0,0,0,0,0,0,0,0,0,0,0,0,0,0,0,0,0,0,0,0,0,0,0,0,0,0,0,0,0,0,0,2208771,5042126
D4,58,Orange,2010,5803057,"CHUCK E CHEESE'S","7419 INTERNATIONAL DR",ORLANDO,328198248,2354564,1,Food,"Routine - Food","Inspection Completed - No Further Action",9/30/2013,,,9,1,1,7,Y,0,0,1,0,1,0,0,2,0,0,0,1,0,0,0,1,0,0,0,0,0,1,1,0,1,0,0,0,0,0,0,0,0,0,0,0,0,0,0,0,0,0,0,0,0,0,0,0,0,0,0,0,0,0,0,0,0,0,2209398,5056827
D4,58,Orange,2010,5803923,"BURGER KING #4465","11834 E COLONIAL DR",ORLANDO,32826,2351839,1,Food,"Routine - Food","Inspection Completed - No Further Action",9/30/2013,,,6,0,2,4,Y,0,0,0,0,0,0,0,0,0,0,0,0,0,1,0,0,0,0,0,0,0,1,0,1,1,0,0,0,1,0,1,0,0,0,0,0,0,0,0,0,0,0,0,0,0,0,0,0,0,0,0,0,0,0,0,0,0,0,5392821,5052666
D4,58,Orange,2010,5804176,HABITAT,"1500 SANDLAKE ROAD",ORLANDO,32809,2313656,1,Food,"Routine - Food","Inspection Completed - No Further Action",9/30/2013,,,7,3,1,3,Y,0,0,0,0,0,0,0,0,0,0,0,0,0,0,0,0,0,0,0,0,0,2,0,1,0,0,0,0,1,0,1,0,0,0,1,1,0,0,0,0,0,0,0,0,0,0,0,0,0,0,0,0,0,0,0,0,0,0,2814141,4998651
D4,58,Orange,2010,5804440,"TACO NORTENO","12307 W COLONIAL DR","WINTER GARDEN",34787,2294428,1,Food,"Routine - Food","Inspection Completed - No Further Action",9/30/2013,,,14,2,2,10,Y,0,0,0,0,0,0,0,3,0,0,0,1,0,1,0,1,0,0,0,0,0,1,2,1,0,0,0,0,1,0,1,0,0,0,0,1,0,0,0,0,1,0,0,0,0,0,0,0,0,0,0,0,0,0,0,0,0,0,3846013,4970612
D4,58,Orange,2010,5804570,WINGS-N-THINGS,"12363 W COLONIAL DR","WINTER GARDEN",34787,2291102,1,Food,"Routine - Food","Inspection Completed - No Further Action",9/30/2013,,,19,1,4,14,Y,0,2,0,0,0,0,0,1,0,0,0,1,0,1,0,0,0,0,0,0,0,4,2,0,1,0,0,0,0,0,0,0,1,0,0,2,0,1,0,0,1,1,0,0,0,0,0,0,0,0,1,0,0,0,0,0,0,0,2211013,4965898
D4,58,Orange,2010,5806153,"FRONT STREE CAFE","6515 INTERNATIONAL DR",ORLANDO,32819,2295546,1,Food,"Routine - Food","Inspection Completed - No Further Action",9/30/2013,,,21,10,4,7,Y,0,0,3,0,0,0,0,3,0,1,0,1,0,1,0,0,0,0,0,0,0,4,2,1,0,0,0,0,0,0,1,0,0,0,0,2,0,0,0,0,2,0,0,0,0,0,0,0,0,0,0,0,0,0,0,0,0,0,4134294,4972054
D4,58,Orange,2010,5806263,"TACO BELL 4435","11893 E COLONIAL DR",ORLANDO,32826,2330221,1,Food,"Routine - Food","Inspection Completed - No Further Action",9/30/2013,,,1,0,0,1,Y,0,0,0,0,0,0,0,0,0,0,0,0,0,0,0,0,0,0,0,0,0,0,0,0,1,0,0,0,0,0,0,0,0,0,0,0,0,0,0,0,0,0,0,0,0,0,0,0,0,0,0,0,0,0,0,0,0,0,5284095,5021988
D4,58,Orange,2010,5806283,"CORAL KEY BAR & GRILL","6515 INTERNATIONAL DR",ORLANDO,32819,2284777,1,Food,"Routine - Food","Inspection Completed - No Further Action",9/30/2013,,,3,1,0,2,Y,0,0,0,0,0,0,0,0,0,0,0,0,0,0,0,0,0,0,0,0,0,0,0,0,0,0,0,0,0,0,0,0,0,0,1,1,0,0,0,0,0,0,0,0,0,0,0,0,0,0,1,0,0,0,0,0,0,0,4134296,4956702
D4,58,Orange,2010,5806522,"BOATWRIGHT'S DINING HALL","1251 RIVERSIDE DR","LAKE BUENA VISTA",32830,2344039,1,Food,"Routine - Food","Inspection Completed - No Further Action",9/30/2013,,,11,2,1,8,Y,0,1,0,0,0,0,0,2,0,0,0,1,0,0,0,1,0,0,0,0,0,0,1,1,0,0,0,0,1,0,0,0,0,0,0,3,0,0,0,0,0,0,0,0,0,0,0,0,0,0,0,0,0,0,0,0,0,0,2212366,5041911
D4,58,Orange,2010,5806597,"PIZZA & PASTA - RIVER MILL","1251 RIVERSIDE DR","LAKE BUENA VISTA",32830,2301861,1,Food,"Routine - Food","Inspection Completed - No Further Action",9/30/2013,,,4,1,0,3,Y,0,0,0,0,0,0,0,0,0,0,0,2,0,0,0,0,0,0,0,0,0,0,1,0,0,0,0,0,0,0,0,0,0,0,0,0,0,0,0,0,1,0,0,0,0,0,0,0,0,0,0,0,0,0,0,0,0,0,2212388,4981843
D4,58,Orange,2010,5806598,"BAKERY - RIVER MILL","1251 RIVERSIDE DR","LAKE BUENA VISTA",32830,2312422,1,Food,"Routine - Food","Inspection Completed - No Further Action",9/30/2013,,,7,1,1,5,Y,0,0,1,0,0,0,0,1,0,1,0,1,0,1,0,0,0,0,0,0,0,0,1,0,0,0,1,0,0,0,0,0,0,0,0,0,0,0,0,0,0,0,0,0,0,0,0,0,0,0,0,0,0,0,0,0,0,0,2212389,4996928
D4,58,Orange,2010,5806599,"THE GRILL - RIVER MILL","1251 RIVERSIDE DR","LAKE BUENA VISTA",32830,2291160,1,Food,"Routine - Food","Inspection Completed - No Further Action",9/30/2013,,,3,0,0,3,Y,0,0,0,0,0,0,0,0,0,0,0,0,0,1,0,0,0,0,0,0,0,0,1,0,0,0,1,0,0,0,0,0,0,0,0,0,0,0,0,0,0,0,0,0,0,0,0,0,0,0,0,0,0,0,0,0,0,0,2212390,4965969
D4,58,Orange,2010,5806600,"SALAD AND SANDWICHES - RIVER MILL","1251 RIVERSIDE DR","LAKE BUENA VISTA",32830,2344041,1,Food,"Routine - Food","Inspection Completed - No Further Action",9/30/2013,,,4,0,1,3,Y,0,0,0,0,0,0,0,0,0,0,0,0,0,0,0,0,0,0,0,0,0,0,1,0,0,0,0,0,1,0,1,0,0,0,0,0,0,0,0,0,1,0,0,0,0,0,0,0,0,0,0,0,0,0,0,0,0,0,2212391,5041913
D4,58,Orange,2010,5807124,"PAPA JOHN'S PIZZA #263","2820 EDGEWATER DR",ORLANDO,328044412,2291153,1,Food,"Routine - Food","Inspection Completed - No Further Action",9/30/2013,,,2,0,0,2,Y,0,0,0,0,0,0,0,0,0,0,0,0,0,0,0,0,0,0,0,0,0,0,0,1,0,0,0,0,0,0,0,0,0,0,0,1,0,0,0,0,0,0,0,0,0,0,0,0,0,0,0,0,0,0,0,0,0,0,2212634,4965959
D4,58,Orange,2010,5807626,"WENDYS INTERNATIONAL #5317","4426 HOFFNER AVE",ORLANDO,32812,2283166,1,Food,"Routine - Food","Inspection Completed - No Further Action",9/30/2013,,,10,2,0,8,Y,0,0,0,0,0,0,0,0,0,0,0,2,0,1,0,1,0,0,0,0,1,0,1,1,0,0,0,0,0,0,0,0,0,0,1,2,0,0,0,0,0,0,0,0,0,0,0,0,0,0,0,0,0,0,0,0,0,0,3622813,4954551
D4,58,Orange,2010,5808342,"EMPLOYEE CAFETERIA","1500 SANDLAKE ROAD",ORLANDO,32809,2313654,1,Food,"Routine - Food","Inspection Completed - No Further Action",9/30/2013,,,6,1,2,3,Y,0,0,0,0,0,0,0,0,0,0,0,0,0,0,0,0,0,0,0,0,0,1,0,1,1,0,0,0,0,0,2,0,0,0,0,1,0,0,0,0,0,0,0,0,0,0,0,0,0,0,0,0,0,0,0,0,0,0,2814137,4998649
D4,58,Orange,2010,5808468,"SONNY'S REAL PIT BAR-B-Q","7423 S ORANGE BLOSSOM TRAIL",ORLANDO,32809,2291356,1,Food,"Routine - Food","Inspection Completed - No Further Action",9/30/2013,,,12,4,2,6,Y,0,0,2,0,1,0,0,0,0,0,0,1,0,0,0,0,0,0,0,0,0,2,1,0,0,0,1,0,0,0,0,0,0,0,0,2,0,1,0,0,0,0,0,0,0,0,0,0,0,1,0,0,0,0,0,0,0,0,2213654,4966248
D4,58,Orange,2010,5808531,"STEAK N SHAKE #316","12035 E COLONIAL AVE",ORLANDO,32826,2302090,2,Food,"Routine - Food","Call Back - Complied",9/30/2013,,,4,0,0,4,Y,0,0,0,0,0,0,0,0,0,0,0,0,0,1,0,1,0,0,0,0,0,0,1,1,0,0,0,0,0,0,0,0,0,0,0,0,0,0,0,0,0,0,0,0,1,0,0,0,0,0,0,0,0,0,0,0,0,0,2213716,5132578
D4,58,Orange,2010,5808912,"GOODFELLAS PIZZERIA","11865 E COLONIAL DR",ORLANDO,32826,2291188,1,Food,"Routine - Food","Inspection Completed - No Further Action",9/30/2013,,,9,0,3,6,Y,0,1,0,0,0,0,0,0,0,1,0,0,0,1,0,0,0,0,0,0,0,1,0,1,1,0,0,0,0,0,2,0,0,0,0,0,0,0,0,0,1,0,0,0,0,0,0,0,0,0,0,0,0,0,0,0,0,0,2214091,4966007
D4,58,Orange,2010,5808999,"SUNFLOWER CHINESE KITCHEN","5152 S CONWAY BLVD",ORLANDO,32812,2333554,1,Food,"Routine - Food","Inspection Completed - No Further Action",9/30/2013,,,8,3,0,5,Y,0,0,1,0,0,0,0,0,0,0,0,1,0,0,0,0,0,0,0,0,0,1,3,0,0,0,0,0,0,0,0,0,0,0,0,1,0,0,0,0,1,0,0,0,0,0,0,0,0,0,0,0,0,0,0,0,0,0,2214174,5027024
D4,58,Orange,2010,5809794,"HOLIDAY INN EXPRESS ORLANDO AIRPORT","7900 CONWAY RD",ORLANDO,32812,2329106,1,Food,"Routine - Food","Inspection Completed - No Further Action",9/30/2013,,,6,0,3,3,Y,0,0,0,0,1,0,0,0,0,0,0,1,0,0,0,0,0,0,0,0,1,1,0,0,0,0,0,0,0,0,0,0,0,0,0,0,0,0,0,0,0,0,0,0,0,0,0,0,0,0,0,0,2,0,0,0,0,0,4351747,5020451
D4,58,Orange,2015,5809955,"CAST CAFETERIA - PLEASURE ISLAND","1590 E BUENA VISTA DR","LAKE BUENA VISTA",32830,1100668,1,Food,"Routine - Food","Emergency order recommended",9/30/2013,,,0,0,0,0,Y,0,0,0,0,0,0,0,0,0,0,0,0,0,0,0,0,0,0,0,0,0,0,0,0,0,0,0,0,0,0,0,0,0,0,0,0,0,0,0,0,0,0,0,0,0,0,0,0,0,0,0,0,0,0,0,0,0,0,2215015,4962990
D4,58,Orange,2010,5809986,"JOINT CAFETERIA (THE)","5800 UNIVERSAL BLVD",ORLANDO,32819,2323318,1,Food,"Routine - Food","Inspection Completed - No Further Action",9/30/2013,,,4,0,3,1,Y,0,0,0,0,1,0,0,1,0,0,0,0,0,0,0,0,0,0,0,0,0,2,0,0,0,0,0,0,0,0,0,0,0,0,0,0,0,0,0,0,0,0,0,0,0,0,0,0,0,0,0,0,0,0,0,0,0,0,2215045,5012328
D4,58,Orange,2010,5809987,"THE KITCHEN","5800 UNIVERSAL BLVD",ORLANDO,32819,2312631,1,Food,"Routine - Food","Inspection Completed - No Further Action",9/30/2013,,,11,4,3,4,Y,0,1,3,0,0,0,0,1,0,0,0,1,0,1,0,0,0,0,0,0,2,1,0,1,0,0,0,0,0,0,0,0,0,0,0,0,0,0,0,0,0,0,0,0,0,0,0,0,0,0,0,0,0,0,0,0,0,0,2215046,4997222
D4,58,Orange,2010,5809988,"VELVET LOUNG & PANTRY","5800 UNIVERSAL BLVD",ORLANDO,32819,2333775,1,Food,"Routine - Food","Inspection Completed - No Further Action",9/30/2013,,,1,0,0,1,Y,0,0,0,0,0,0,0,0,0,0,0,0,0,0,0,1,0,0,0,0,0,0,0,0,0,0,0,0,0,0,0,0,0,0,0,0,0,0,0,0,0,0,0,0,0,0,0,0,0,0,0,0,0,0,0,0,0,0,2215047,5027328
D4,58,Orange,2010,5809989,"BEACH CLUB","5800 UNIVERSAL BLVD",ORLANDO,32819,2323320,1,Food,"Routine - Food","Inspection Completed - No Further Action",9/30/2013,,,4,1,2,1,Y,0,0,0,0,0,0,0,1,0,0,0,1,0,0,0,0,0,0,0,0,0,2,0,0,0,0,0,0,0,0,0,0,0,0,0,0,0,0,0,0,0,0,0,0,0,0,0,0,0,0,0,0,0,0,0,0,0,0,2215048,5012330
D4,58,Orange,2010,5809990,"VIP CLUB LOUNGE","5800 UNIVERSAL BLVD",ORLANDO,32819,2280895,1,Food,"Routine - Food","Warning Issued",9/30/2013,,,3,2,0,1,Y,0,0,2,0,0,0,0,0,0,0,0,0,0,0,0,1,0,0,0,0,0,0,0,0,0,0,0,0,0,0,0,0,0,0,0,0,0,0,0,0,0,0,0,0,0,0,0,1,0,0,0,0,0,0,0,0,0,0,2215049,4951180
D4,58,Orange,2010,5810146,"RHINO SUBS","805 LEE RD",ORLANDO,32810,2370521,1,Food,"Complaint Full","Inspection Completed - No Further Action",9/30/2013,,,7,0,2,5,Y,0,0,0,0,0,0,0,0,0,0,0,0,0,0,0,0,0,0,0,0,1,2,1,0,1,0,0,0,0,0,0,0,0,0,0,0,0,1,0,0,1,0,0,0,0,0,0,0,0,0,0,0,0,0,0,0,0,0,3083776,5131992
D4,58,Orange,2010,5810682,"HOP BO CHINESE FOOD","4461 HOFFNER AVE",ORLANDO,32812,2315067,1,Food,"Routine - Food","Inspection Completed - No Further Action",9/30/2013,,,12,2,3,7,Y,0,1,0,0,0,0,0,1,0,0,0,1,0,3,0,0,0,0,0,0,0,1,1,0,0,0,1,0,0,0,0,0,1,0,0,0,0,0,0,0,1,0,0,0,0,0,0,0,0,0,0,0,1,0,0,0,0,0,3666374,5000727
D4,58,Orange,2010,5810743,"JOHNNY ROCKETS","4200 CONROY RD A-253",ORLANDO,32839,2337393,1,Food,"Routine - Food","Inspection Completed - No Further Action",9/30/2013,,,1,0,0,1,Y,0,1,0,0,0,0,0,0,0,0,0,0,0,0,0,0,0,0,0,0,0,0,0,0,0,0,0,0,0,0,0,0,0,0,0,0,0,0,0,0,0,0,0,0,0,0,0,0,0,0,0,0,0,0,0,0,0,0,3565405,5032385
D4,58,Orange,2010,5810920,"FELINDA CATERING","12351 W COLONIAL DR","WINTER GARDEN",34787,2370492,1,Food,"Food-Licensing Inspection","Inspection Completed - No Further Action",9/30/2013,,,2,0,0,2,Y,0,0,0,0,1,0,0,0,0,0,0,0,0,0,0,0,0,0,0,0,0,0,0,0,1,0,0,0,0,0,0,0,0,0,0,0,0,0,0,0,0,0,0,0,0,0,0,0,0,0,0,0,0,0,0,0,0,0,5682358,5131481
D4,58,Orange,2010,5810967,"NATURE'S TABLE CAFE","300 S ORANGE AVE #175",ORLANDO,32801,2316089,1,Food,"Routine - Food","Warning Issued",9/30/2013,,,14,4,3,7,Y,0,2,3,0,1,0,0,1,0,1,0,1,0,0,0,0,0,0,0,0,0,0,1,0,0,0,0,0,0,0,0,0,0,0,1,0,0,0,0,0,0,0,0,0,0,0,0,0,0,0,0,0,3,0,0,0,0,0,3946579,5002034
D4,58,Orange,2013,5811091,"THE FRYBAR","2721 FORSYTH RD UNIT 212","WINTER PARK",32792,1100288,1,Food,"Routine - Food","Inspection Completed - No Further Action",9/30/2013,,,0,0,0,0,Y,0,0,0,0,0,0,0,0,0,0,0,0,0,0,0,0,0,0,0,0,0,0,0,0,0,0,0,0,0,0,0,0,0,0,0,0,0,0,0,0,0,0,0,0,0,0,0,0,0,0,0,0,0,0,0,0,0,0,4389750,5049499
D4,58,Orange,2010,5811091,"TACOS EL RANCHO CORP","4433 HOFFNER AVE",ORLANDO,32812,2358084,1,Food,"Routine - Food","Inspection Completed - No Further Action",9/30/2013,,,10,0,3,7,Y,0,1,0,0,0,0,0,1,0,0,0,1,0,2,0,0,0,0,0,0,0,2,1,0,0,0,0,0,0,0,1,0,1,0,0,0,0,0,0,0,0,0,0,0,0,0,0,0,0,0,0,0,0,0,0,0,0,0,3870834,5061764
D4,58,Orange,2015,5811102,CHRYSLER,"10300 BOGGY CREEK RD",ORLANDO,32824,1100544,1,Food,"Routine - Food","Inspection Completed - No Further Action",9/30/2013,,,0,0,0,0,Y,0,0,0,0,0,0,0,0,0,0,0,0,0,0,0,0,0,0,0,0,0,0,0,0,0,0,0,0,0,0,0,0,0,0,0,0,0,0,0,0,0,0,0,0,0,0,0,0,0,0,0,0,0,0,0,0,0,0,4185024,4957074
D4,58,Orange,2010,5811106,"DUNKIN DONUTS/BASKIN ROBINS","2603 EDGEWATER DR",ORLANDO,32804,2320679,1,Food,"Routine - Food","Inspection Completed - No Further Action",9/30/2013,,,9,3,2,4,Y,0,0,0,0,0,0,0,0,0,0,0,2,0,1,0,1,0,0,0,0,1,0,0,0,0,0,1,0,1,0,1,0,0,0,0,0,0,0,0,0,0,0,0,0,0,0,0,0,0,0,1,0,0,0,0,0,0,0,5487541,5008327
D4,58,Orange,2010,5811132,"GOLDEN APPLE CUISINE","14019 W COLONIAL DR","WINTER GARDEN",34787,2358939,1,Food,"Routine - Food","Inspection Completed - No Further Action",9/30/2013,,,32,3,5,24,Y,0,2,1,0,0,0,0,4,0,0,0,1,0,3,0,0,0,0,0,0,1,2,3,0,5,0,0,0,0,0,1,1,0,0,2,5,0,0,0,0,1,0,0,0,0,0,0,0,0,0,0,0,0,0,0,0,0,0,4046312,5062838
